{"Traffics": [{"process_num": 4, "qp_num": 1, "mtu": 5, "qp_type": "RC", "reqs": "w_2_17312_24512,w_4_22688_8288_15136_17536,w_2_103968_26304,w_3_33504_5920_21184,w_1_45184,w_3_21312_64_1344,w_2_16384_14272,", "recvs": "1_130272,", "client": {"usr": "wfowler", "ip": "192.168.100.2", "ibdev": "mlx5_0", "use_gpu": false, "numa_node": 1, "mr_num": 4, "buf_num": 2, "buf_size": 130272, "send_wq_depth": 199, "recv_wq_depth": 1, "send_batch": 1, "recv_batch": 0}, "server": {"usr": "wfowler", "ip": "192.168.100.1", "ibdev": "mlx5_0", "use_gpu": false, "numa_node": 0, "mr_num": 4, "buf_num": 3, "buf_size": 130272, "send_wq_depth": 1, "recv_wq_depth": 154, "send_batch": 0, "recv_batch": 45}}, {"process_num": 6, "qp_num": 2, "mtu": 5, "qp_type": "UC", "reqs": "s_2_17088_2272,s_3_38848_18944_64,s_3_113344_5088_12064,s_2_1696_99168,s_2_60480_39360,s_3_6976_44544_5696,", "recvs": "4_69216_28224_1024_32032,2_100352_30144,2_116640_13856,4_60064_27584_22176_20672,", "client": {"usr": "wfowler", "ip": "192.168.100.1", "ibdev": "mlx5_0", "use_gpu": false, "numa_node": 1, "mr_num": 1, "buf_num": 3, "buf_size": 130496, "send_wq_depth": 134, "recv_wq_depth": 1, "send_batch": 59, "recv_batch": 0}, "server": {"usr": "wfowler", "ip": "192.168.100.2", "ibdev": "mlx5_0", "use_gpu": false, "numa_node": 1, "mr_num": 3, "buf_num": 1, "buf_size": 130496, "send_wq_depth": 1, "recv_wq_depth": 638, "send_batch": 0, "recv_batch": 58}}]}


tx_vport_rdma_unicast_bytes:  25.45238
rx_vport_rdma_unicast_bytes:  25.46598
tx_vport_rdma_unicast_packets:  793755.0
rx_vport_rdma_unicast_packets:  867575.0
tx_prio3_pause_duration:  0.0
rx_prio3_pause_duration:  0.0

