{"Traffics": [{"process_num": 4, "qp_num": 2, "mtu": 4, "qp_type": "UC", "reqs": "s_1_53824,s_3_768_2976_128,s_4_26112_800_480_1920,s_1_111008,", "recvs": "3_1856_93120_16032,1_111008,3_30464_9536_71008,", "client": {"usr": "wfowler", "ip": "192.168.100.2", "ibdev": "mlx5_0", "use_gpu": false, "numa_node": 0, "mr_num": 3, "buf_num": 3, "buf_size": 111008, "send_wq_depth": 719, "recv_wq_depth": 1, "send_batch": 1, "recv_batch": 0}, "server": {"usr": "wfowler", "ip": "192.168.100.1", "ibdev": "mlx5_0", "use_gpu": false, "numa_node": 0, "mr_num": 2, "buf_num": 2, "buf_size": 111008, "send_wq_depth": 1, "recv_wq_depth": 416, "send_batch": 0, "recv_batch": 32}}, {"process_num": 5, "qp_num": 1, "mtu": 3, "qp_type": "UC", "reqs": "w_3_800_192_32,w_1_98688,w_1_90592,w_3_23872_24704_42720,w_1_99200,w_3_58624_26912_31520,w_1_8544,w_4_19328_46912_8032_7488,", "recvs": "3_11616_31488_73952,4_24800_16928_65024_10304,4_45024_49312_20064_2656,2_23872_93184,", "client": {"usr": "wfowler", "ip": "192.168.100.1", "ibdev": "mlx5_0", "use_gpu": false, "numa_node": 1, "mr_num": 1, "buf_num": 3, "buf_size": 117056, "send_wq_depth": 777, "recv_wq_depth": 1, "send_batch": 17, "recv_batch": 0}, "server": {"usr": "wfowler", "ip": "192.168.100.2", "ibdev": "mlx5_0", "use_gpu": false, "numa_node": 1, "mr_num": 1, "buf_num": 3, "buf_size": 117056, "send_wq_depth": 1, "recv_wq_depth": 627, "send_batch": 0, "recv_batch": 28}}]}


tx_vport_rdma_unicast_bytes:  25.97243
rx_vport_rdma_unicast_bytes:  25.79688
tx_vport_rdma_unicast_packets:  1577406.0
rx_vport_rdma_unicast_packets:  2986306.0
tx_prio3_pause_duration:  0.0
rx_prio3_pause_duration:  0.0

