{"Traffics": [{"process_num": 6, "qp_num": 4, "mtu": 4, "qp_type": "UD", "reqs": "s_1_1088,s_1_672,s_3_192_320_608,s_1_192,s_3_288_288_64,", "recvs": "3_56448_2528_6784,", "client": {"usr": "wfowler", "ip": "192.168.100.2", "ibdev": "mlx5_0", "use_gpu": true, "numa_node": 1, "mr_num": 4, "buf_num": 3, "buf_size": 4096, "send_wq_depth": 131, "recv_wq_depth": 1, "send_batch": 24, "recv_batch": 0}, "server": {"usr": "wfowler", "ip": "192.168.100.1", "ibdev": "mlx5_0", "use_gpu": true, "numa_node": 0, "mr_num": 4, "buf_num": 2, "buf_size": 65760, "send_wq_depth": 1, "recv_wq_depth": 246, "send_batch": 0, "recv_batch": 62}}, {"process_num": 4, "qp_num": 1, "mtu": 4, "qp_type": "UC", "reqs": "w_4_39264_22432_14688_1312,w_1_61696,w_4_75456_41824_576_32,w_2_53280_14368,w_3_10496_53024_23008,w_3_768_7488_3392,w_4_4544_9184_11424_17792,w_2_352_1856,", "recvs": "4_52832_6848_6592_57984,4_7488_48032_50720_11648,3_69376_23936_26144,", "client": {"usr": "wfowler", "ip": "192.168.100.1", "ibdev": "mlx5_0", "use_gpu": true, "numa_node": 0, "mr_num": 3, "buf_num": 3, "buf_size": 117888, "send_wq_depth": 604, "recv_wq_depth": 1, "send_batch": 34, "recv_batch": 0}, "server": {"usr": "wfowler", "ip": "192.168.100.2", "ibdev": "mlx5_0", "use_gpu": true, "numa_node": 0, "mr_num": 1, "buf_num": 2, "buf_size": 124256, "send_wq_depth": 1, "recv_wq_depth": 65, "send_batch": 0, "recv_batch": 36}}]}


tx_vport_rdma_unicast_bytes:  23.22738
rx_vport_rdma_unicast_bytes:  0.18916
tx_vport_rdma_unicast_packets:  3591568.0
rx_vport_rdma_unicast_packets:  36157.0
tx_prio3_pause_duration:  0.0
rx_prio3_pause_duration:  0.0

latency_samples:  30
latency_min_ns:  787679.0
latency_avg_ns:  17363723.666666668
latency_median_ns:  17370733.333333332
latency_p95_ns:  50733202.0
latency_p99_ns:  50733202.0
latency_max_ns:  50733202.0

