{"Traffics": [{"process_num": 5, "qp_num": 3, "mtu": 4, "qp_type": "RC", "reqs": "w_2_30080_38560,w_1_88832,w_2_992_29088,w_4_62848_34848_288_448,w_1_79072,w_2_47712_13408,w_1_113120,w_3_13824_62944_11648,", "recvs": "1_113120,4_6880_26944_23136_56160,4_60384_5856_14240_32640,", "client": {"usr": "wfowler", "ip": "192.168.100.2", "ibdev": "mlx5_0", "use_gpu": true, "numa_node": 1, "mr_num": 3, "buf_num": 3, "buf_size": 113120, "send_wq_depth": 823, "recv_wq_depth": 1, "send_batch": 35, "recv_batch": 0}, "server": {"usr": "wfowler", "ip": "192.168.100.1", "ibdev": "mlx5_0", "use_gpu": true, "numa_node": 0, "mr_num": 3, "buf_num": 3, "buf_size": 113120, "send_wq_depth": 1, "recv_wq_depth": 434, "send_batch": 0, "recv_batch": 64}}, {"process_num": 5, "qp_num": 3, "mtu": 3, "qp_type": "RC", "reqs": "s_1_50880,s_3_10976_1344_6496,s_1_111936,s_2_1952_9824,s_4_13152_57600_24800_384,s_2_90368_13120,", "recvs": "4_72864_14528_9824_14720,4_71712_13952_22816_3456,1_121280,4_95648_3776_736_11776,", "client": {"usr": "wfowler", "ip": "192.168.100.1", "ibdev": "mlx5_0", "use_gpu": true, "numa_node": 1, "mr_num": 3, "buf_num": 4, "buf_size": 111936, "send_wq_depth": 872, "recv_wq_depth": 1, "send_batch": 34, "recv_batch": 0}, "server": {"usr": "wfowler", "ip": "192.168.100.2", "ibdev": "mlx5_0", "use_gpu": true, "numa_node": 1, "mr_num": 1, "buf_num": 1, "buf_size": 121280, "send_wq_depth": 1, "recv_wq_depth": 525, "send_batch": 0, "recv_batch": 28}}]}


tx_vport_rdma_unicast_bytes:  0.02936
rx_vport_rdma_unicast_bytes:  24.39471
tx_vport_rdma_unicast_packets:  59201.0
rx_vport_rdma_unicast_packets:  2831142.0
tx_prio3_pause_duration:  0.0
rx_prio3_pause_duration:  0.0

latency_samples:  30
latency_min_ns:  7282943.0
latency_avg_ns:  104511997.0
latency_median_ns:  105245305.0
latency_p95_ns:  303798264.0
latency_p99_ns:  303798264.0
latency_max_ns:  303798264.0

