{"Traffics": [{"process_num": 4, "qp_num": 2, "mtu": 5, "qp_type": "UC", "reqs": "w_2_2688_8480,w_4_4544_14912_32_4192,w_4_32576_35552_8224_13536,w_4_64_1760_864_32,w_1_110720,w_2_36288_64672,w_1_72416,", "recvs": "3_56448_25568_28704,2_1280_109440,", "client": {"usr": "wfowler", "ip": "192.168.100.2", "ibdev": "mlx5_0", "use_gpu": false, "numa_node": 1, "mr_num": 4, "buf_num": 3, "buf_size": 110720, "send_wq_depth": 736, "recv_wq_depth": 1, "send_batch": 30, "recv_batch": 0}, "server": {"usr": "wfowler", "ip": "192.168.100.1", "ibdev": "mlx5_0", "use_gpu": false, "numa_node": 0, "mr_num": 3, "buf_num": 1, "buf_size": 110720, "send_wq_depth": 1, "recv_wq_depth": 525, "send_batch": 0, "recv_batch": 18}}, {"process_num": 4, "qp_num": 1, "mtu": 5, "qp_type": "RC", "reqs": "r_1_64000,r_1_111168,r_2_43392_30400,r_4_32992_11424_2912_4960,r_4_6624_4640_1888_17504,r_3_82240_14944_12704,r_3_26624_1952_2272,", "recvs": "1_111168,1_111168,", "client": {"usr": "wfowler", "ip": "192.168.100.1", "ibdev": "mlx5_0", "use_gpu": false, "numa_node": 0, "mr_num": 4, "buf_num": 4, "buf_size": 111168, "send_wq_depth": 125, "recv_wq_depth": 1, "send_batch": 9, "recv_batch": 0}, "server": {"usr": "wfowler", "ip": "192.168.100.2", "ibdev": "mlx5_0", "use_gpu": false, "numa_node": 1, "mr_num": 4, "buf_num": 2, "buf_size": 111168, "send_wq_depth": 1, "recv_wq_depth": 681, "send_batch": 0, "recv_batch": 20}}]}


tx_vport_rdma_unicast_bytes:  25.67155
rx_vport_rdma_unicast_bytes:  0.009699999999999999
tx_vport_rdma_unicast_packets:  793002.0
rx_vport_rdma_unicast_packets:  15550.0
tx_prio3_pause_duration:  0.0
rx_prio3_pause_duration:  0.0

