{"Traffics": [{"process_num": 5, "qp_num": 3, "mtu": 4, "qp_type": "RC", "reqs": "w_2_46496_26560,w_1_26048,w_4_8576_8896_20448_14464,", "recvs": "2_96480_34304,2_34624_38432,3_66720_2400_55136,", "client": {"usr": "wfowler", "ip": "192.168.100.2", "ibdev": "mlx5_0", "use_gpu": true, "numa_node": 1, "mr_num": 4, "buf_num": 3, "buf_size": 73056, "send_wq_depth": 313, "recv_wq_depth": 1, "send_batch": 34, "recv_batch": 0}, "server": {"usr": "wfowler", "ip": "192.168.100.1", "ibdev": "mlx5_0", "use_gpu": true, "numa_node": 1, "mr_num": 3, "buf_num": 1, "buf_size": 130784, "send_wq_depth": 1, "recv_wq_depth": 328, "send_batch": 0, "recv_batch": 23}}, {"process_num": 4, "qp_num": 4, "mtu": 3, "qp_type": "UC", "reqs": "s_4_2688_12192_9280_6112,s_2_37664_27136,s_4_23776_57024_10368_38976,s_4_33408_46240_29376_10432,s_2_15328_14048,s_3_25664_12768_11904,s_1_121280,", "recvs": "1_130144,1_130144,3_11136_1984_117024,1_130144,", "client": {"usr": "wfowler", "ip": "192.168.100.2", "ibdev": "mlx5_0", "use_gpu": true, "numa_node": 1, "mr_num": 1, "buf_num": 1, "buf_size": 130144, "send_wq_depth": 627, "recv_wq_depth": 1, "send_batch": 61, "recv_batch": 0}, "server": {"usr": "wfowler", "ip": "192.168.100.2", "ibdev": "mlx5_0", "use_gpu": true, "numa_node": 0, "mr_num": 2, "buf_num": 3, "buf_size": 130144, "send_wq_depth": 1, "recv_wq_depth": 108, "send_batch": 0, "recv_batch": 21}}]}


tx_vport_rdma_unicast_bytes:  0.0
rx_vport_rdma_unicast_bytes:  23.818450000000002
tx_vport_rdma_unicast_packets:  0.0
rx_vport_rdma_unicast_packets:  2761541.0
tx_prio3_pause_duration:  0.0
rx_prio3_pause_duration:  0.0

latency_samples:  30
latency_min_ns:  34623.0
latency_avg_ns:  187271292.33333334
latency_median_ns:  187362382.66666666
latency_p95_ns:  281474638.0
latency_p99_ns:  281474638.0
latency_max_ns:  281474638.0

