{"Traffics": [{"process_num": 5, "qp_num": 3, "mtu": 4, "qp_type": "RC", "reqs": "s_3_22656_11872_3360,s_1_32576,s_4_12864_20256_160_3904,", "recvs": "3_46656_25856_20064,", "client": {"usr": "wfowler", "ip": "192.168.100.2", "ibdev": "mlx5_0", "use_gpu": false, "numa_node": 1, "mr_num": 3, "buf_num": 4, "buf_size": 37888, "send_wq_depth": 47, "recv_wq_depth": 1, "send_batch": 3, "recv_batch": 0}, "server": {"usr": "wfowler", "ip": "192.168.100.1", "ibdev": "mlx5_0", "use_gpu": false, "numa_node": 0, "mr_num": 2, "buf_num": 3, "buf_size": 92576, "send_wq_depth": 1, "recv_wq_depth": 37, "send_batch": 0, "recv_batch": 23}}, {"process_num": 4, "qp_num": 2, "mtu": 5, "qp_type": "RC", "reqs": "w_4_28064_70784_9504_18080,w_3_10944_86016_10144,w_4_29248_13888_2496_16384,w_1_34208,w_4_21376_1280_864_1856,w_1_105952,w_4_13696_3712_1056_3648,", "recvs": "1_126432,3_42720_31680_52032,2_87552_40960,3_17056_83648_25728,", "client": {"usr": "wfowler", "ip": "192.168.100.2", "ibdev": "mlx5_0", "use_gpu": false, "numa_node": 0, "mr_num": 3, "buf_num": 2, "buf_size": 126432, "send_wq_depth": 256, "recv_wq_depth": 1, "send_batch": 39, "recv_batch": 0}, "server": {"usr": "wfowler", "ip": "192.168.100.2", "ibdev": "mlx5_0", "use_gpu": false, "numa_node": 1, "mr_num": 4, "buf_num": 1, "buf_size": 128512, "send_wq_depth": 1, "recv_wq_depth": 147, "send_batch": 0, "recv_batch": 15}}]}


tx_vport_rdma_unicast_bytes:  25.469669999999997
rx_vport_rdma_unicast_bytes:  26.729779999999998
tx_vport_rdma_unicast_packets:  1551909.0
rx_vport_rdma_unicast_packets:  993851.0
tx_prio3_pause_duration:  0.0
rx_prio3_pause_duration:  0.0

