{"Traffics": [{"process_num": 6, "qp_num": 3, "mtu": 3, "qp_type": "UD", "reqs": "s_4_192_288_128_224,s_2_320_128,s_4_32_32_32_32,s_4_32_32_32_32,s_4_384_96_32_352,s_2_192_352,s_3_288_224_160,s_4_160_96_224_384,", "recvs": "3_67072_40960_6016,4_25824_27968_15776_16224,2_85024_30272,2_9632_63776,", "client": {"usr": "wfowler", "ip": "192.168.100.2", "ibdev": "mlx5_0", "use_gpu": true, "numa_node": 0, "mr_num": 2, "buf_num": 3, "buf_size": 4096, "send_wq_depth": 274, "recv_wq_depth": 1, "send_batch": 5, "recv_batch": 0}, "server": {"usr": "wfowler", "ip": "192.168.100.1", "ibdev": "mlx5_0", "use_gpu": true, "numa_node": 1, "mr_num": 1, "buf_num": 4, "buf_size": 115296, "send_wq_depth": 1, "recv_wq_depth": 866, "send_batch": 0, "recv_batch": 25}}, {"process_num": 5, "qp_num": 1, "mtu": 4, "qp_type": "UD", "reqs": "s_3_64_352_384,s_3_608_32_256,s_3_1568_96_192,s_3_384_32_192,s_2_384_608,", "recvs": "3_37504_64032_4704,3_992_1280_8160,4_49280_31328_3072_224,2_53856_76032,", "client": {"usr": "wfowler", "ip": "192.168.100.2", "ibdev": "mlx5_0", "use_gpu": true, "numa_node": 1, "mr_num": 2, "buf_num": 1, "buf_size": 4096, "send_wq_depth": 800, "recv_wq_depth": 1, "send_batch": 27, "recv_batch": 0}, "server": {"usr": "wfowler", "ip": "192.168.100.2", "ibdev": "mlx5_0", "use_gpu": true, "numa_node": 1, "mr_num": 2, "buf_num": 1, "buf_size": 129888, "send_wq_depth": 1, "recv_wq_depth": 647, "send_batch": 0, "recv_batch": 10}}]}


tx_vport_rdma_unicast_bytes:  13.26619
rx_vport_rdma_unicast_bytes:  7.9886
tx_vport_rdma_unicast_packets:  2649005.0
rx_vport_rdma_unicast_packets:  907466.0
tx_prio3_pause_duration:  0.0
rx_prio3_pause_duration:  0.0

latency_samples:  30
latency_min_ns:  581489.0
latency_avg_ns:  2344193.6666666665
latency_median_ns:  2365332.0
latency_p95_ns:  4385047.0
latency_p99_ns:  4385047.0
latency_max_ns:  4385047.0

