{"Traffics": [{"process_num": 6, "qp_num": 1, "mtu": 5, "qp_type": "UC", "reqs": "w_4_109536_10016_4928_1376,w_4_20416_16128_10080_42560,w_4_44064_56064_4608_4288,w_3_16032_59520_38784,w_2_512_2464,w_3_39712_23200_46656,", "recvs": "3_896_49376_75584,1_125856,", "client": {"usr": "wfowler", "ip": "192.168.100.2", "ibdev": "mlx5_0", "use_gpu": true, "numa_node": 1, "mr_num": 3, "buf_num": 2, "buf_size": 125856, "send_wq_depth": 605, "recv_wq_depth": 1, "send_batch": 17, "recv_batch": 0}, "server": {"usr": "wfowler", "ip": "192.168.100.1", "ibdev": "mlx5_0", "use_gpu": true, "numa_node": 0, "mr_num": 4, "buf_num": 1, "buf_size": 125856, "send_wq_depth": 1, "recv_wq_depth": 736, "send_batch": 0, "recv_batch": 9}}, {"process_num": 6, "qp_num": 3, "mtu": 5, "qp_type": "RC", "reqs": "w_3_114912_5536_1120,w_3_14240_6656_41664,w_1_58112,w_4_4192_3296_62144_15776,w_1_34368,", "recvs": "3_40224_22720_58624,1_121568,1_121568,1_121568,", "client": {"usr": "wfowler", "ip": "192.168.100.1", "ibdev": "mlx5_0", "use_gpu": true, "numa_node": 1, "mr_num": 4, "buf_num": 2, "buf_size": 121568, "send_wq_depth": 175, "recv_wq_depth": 1, "send_batch": 35, "recv_batch": 0}, "server": {"usr": "wfowler", "ip": "192.168.100.2", "ibdev": "mlx5_0", "use_gpu": true, "numa_node": 1, "mr_num": 2, "buf_num": 1, "buf_size": 121568, "send_wq_depth": 1, "recv_wq_depth": 360, "send_batch": 0, "recv_batch": 37}}]}


tx_vport_rdma_unicast_bytes:  23.56847
rx_vport_rdma_unicast_bytes:  0.0
tx_vport_rdma_unicast_packets:  716844.0
rx_vport_rdma_unicast_packets:  0.0
tx_prio3_pause_duration:  0.0
rx_prio3_pause_duration:  0.0

latency_samples:  30
latency_min_ns:  115703002.0
latency_avg_ns:  126727286.0
latency_median_ns:  127332624.66666667
latency_p95_ns:  150149271.0
latency_p99_ns:  150149271.0
latency_max_ns:  150149271.0

