{"Traffics": [{"process_num": 5, "qp_num": 4, "mtu": 4, "qp_type": "RC", "reqs": "r_1_2848,r_1_93088,r_3_54176_49728_4768,r_3_19776_18336_43040,r_4_83456_11840_5152_1984,r_1_22464,r_1_96736,", "recvs": "3_70944_13376_24352,2_58560_50112,", "client": {"usr": "wfowler", "ip": "192.168.100.2", "ibdev": "mlx5_0", "use_gpu": true, "numa_node": 1, "mr_num": 1, "buf_num": 1, "buf_size": 108672, "send_wq_depth": 682, "recv_wq_depth": 1, "send_batch": 22, "recv_batch": 0}, "server": {"usr": "wfowler", "ip": "192.168.100.1", "ibdev": "mlx5_0", "use_gpu": true, "numa_node": 1, "mr_num": 1, "buf_num": 3, "buf_size": 108672, "send_wq_depth": 1, "recv_wq_depth": 658, "send_batch": 0, "recv_batch": 25}}, {"process_num": 4, "qp_num": 3, "mtu": 3, "qp_type": "RC", "reqs": "r_1_37280,r_4_107616_6752_320_7968,r_2_7776_33952,r_2_44160_8224,r_2_31328_12672,", "recvs": "4_114336_1568_5024_1728,1_122656,4_112928_3392_544_5792,3_704_29216_92736,", "client": {"usr": "wfowler", "ip": "192.168.100.2", "ibdev": "mlx5_0", "use_gpu": true, "numa_node": 0, "mr_num": 3, "buf_num": 1, "buf_size": 122656, "send_wq_depth": 433, "recv_wq_depth": 1, "send_batch": 15, "recv_batch": 0}, "server": {"usr": "wfowler", "ip": "192.168.100.2", "ibdev": "mlx5_0", "use_gpu": true, "numa_node": 0, "mr_num": 3, "buf_num": 4, "buf_size": 122656, "send_wq_depth": 1, "recv_wq_depth": 772, "send_batch": 0, "recv_batch": 60}}]}


tx_vport_rdma_unicast_bytes:  0.0
rx_vport_rdma_unicast_bytes:  24.65331
tx_vport_rdma_unicast_packets:  0.0
rx_vport_rdma_unicast_packets:  2900221.0
tx_prio3_pause_duration:  0.0
rx_prio3_pause_duration:  0.0

latency_samples:  30
latency_min_ns:  43737646.0
latency_avg_ns:  87001113.0
latency_median_ns:  87000882.66666667
latency_p95_ns:  108946632.0
latency_p99_ns:  108946632.0
latency_max_ns:  108946632.0

