{"Traffics": [{"process_num": 4, "qp_num": 3, "mtu": 5, "qp_type": "UC", "reqs": "s_2_5344_1856,s_2_8192_67584,s_4_32256_16704_9056_20704,s_4_110848_19104_128_192,s_2_5664_76928,", "recvs": "4_1280_106944_6048_16000,", "client": {"usr": "wfowler", "ip": "192.168.100.2", "ibdev": "mlx5_0", "use_gpu": true, "numa_node": 0, "mr_num": 2, "buf_num": 2, "buf_size": 130272, "send_wq_depth": 560, "recv_wq_depth": 1, "send_batch": 29, "recv_batch": 0}, "server": {"usr": "wfowler", "ip": "192.168.100.1", "ibdev": "mlx5_0", "use_gpu": true, "numa_node": 0, "mr_num": 3, "buf_num": 4, "buf_size": 130272, "send_wq_depth": 1, "recv_wq_depth": 187, "send_batch": 0, "recv_batch": 60}}, {"process_num": 6, "qp_num": 2, "mtu": 4, "qp_type": "UD", "reqs": "s_2_544_224,s_4_1312_288_64_64,s_3_864_832_256,s_4_768_160_32_32,s_4_352_128_256_128,s_2_1376_576,s_3_1632_128_32,s_2_192_512,", "recvs": "3_109856_8896_384,", "client": {"usr": "wfowler", "ip": "192.168.100.1", "ibdev": "mlx5_0", "use_gpu": true, "numa_node": 0, "mr_num": 4, "buf_num": 1, "buf_size": 4096, "send_wq_depth": 306, "recv_wq_depth": 1, "send_batch": 16, "recv_batch": 0}, "server": {"usr": "wfowler", "ip": "192.168.100.2", "ibdev": "mlx5_0", "use_gpu": true, "numa_node": 0, "mr_num": 2, "buf_num": 1, "buf_size": 119136, "send_wq_depth": 1, "recv_wq_depth": 213, "send_batch": 0, "recv_batch": 30}}]}


tx_vport_rdma_unicast_bytes:  22.767139999999998
rx_vport_rdma_unicast_bytes:  7.3553500000000005
tx_vport_rdma_unicast_packets:  703962.0
rx_vport_rdma_unicast_packets:  1019312.0
tx_prio3_pause_duration:  0.0
rx_prio3_pause_duration:  0.0

latency_samples:  30
latency_min_ns:  1819936.0
latency_avg_ns:  124190780.66666667
latency_median_ns:  124134368.0
latency_p95_ns:  185886003.0
latency_p99_ns:  185886003.0
latency_max_ns:  185886003.0

