{"Traffics": [{"process_num": 6, "qp_num": 3, "mtu": 3, "qp_type": "RC", "reqs": "w_3_5024_15168_33856,w_4_37856_1152_832_96,w_4_23456_33216_16448_21216,w_3_3104_10304_13376,w_2_15040_12736,", "recvs": "2_18944_81728,3_50304_42464_1568,3_40672_65280_16512,", "client": {"usr": "wfowler", "ip": "192.168.100.2", "ibdev": "mlx5_0", "use_gpu": true, "numa_node": 1, "mr_num": 4, "buf_num": 2, "buf_size": 94336, "send_wq_depth": 777, "recv_wq_depth": 1, "send_batch": 21, "recv_batch": 0}, "server": {"usr": "wfowler", "ip": "192.168.100.1", "ibdev": "mlx5_0", "use_gpu": true, "numa_node": 1, "mr_num": 1, "buf_num": 4, "buf_size": 122464, "send_wq_depth": 1, "recv_wq_depth": 934, "send_batch": 0, "recv_batch": 63}}, {"process_num": 5, "qp_num": 1, "mtu": 5, "qp_type": "RC", "reqs": "s_4_77920_13312_8352_2208,s_3_7328_7168_7264,", "recvs": "2_105312_12288,4_79232_18400_1312_2848,", "client": {"usr": "wfowler", "ip": "192.168.100.2", "ibdev": "mlx5_0", "use_gpu": true, "numa_node": 0, "mr_num": 3, "buf_num": 2, "buf_size": 101792, "send_wq_depth": 568, "recv_wq_depth": 1, "send_batch": 58, "recv_batch": 0}, "server": {"usr": "wfowler", "ip": "192.168.100.2", "ibdev": "mlx5_0", "use_gpu": true, "numa_node": 1, "mr_num": 3, "buf_num": 2, "buf_size": 117600, "send_wq_depth": 1, "recv_wq_depth": 866, "send_batch": 0, "recv_batch": 28}}]}


tx_vport_rdma_unicast_bytes:  11.57291
rx_vport_rdma_unicast_bytes:  12.04228
tx_vport_rdma_unicast_packets:  1351552.0
rx_vport_rdma_unicast_packets:  437837.0
tx_prio3_pause_duration:  0.0
rx_prio3_pause_duration:  0.0

latency_samples:  30
latency_min_ns:  1796118.0
latency_avg_ns:  342780874.3333333
latency_median_ns:  342913261.3333333
latency_p95_ns:  515041633.0
latency_p99_ns:  515041633.0
latency_max_ns:  515041633.0

