{"Traffics": [{"process_num": 6, "qp_num": 4, "mtu": 5, "qp_type": "UC", "reqs": "s_4_69952_2112_1376_704,", "recvs": "4_45696_60448_4480_17280,3_10272_47936_15936,2_43072_31072,3_57728_21440_44896,", "client": {"usr": "wfowler", "ip": "192.168.100.2", "ibdev": "mlx5_0", "use_gpu": false, "numa_node": 0, "mr_num": 1, "buf_num": 3, "buf_size": 74144, "send_wq_depth": 478, "recv_wq_depth": 1, "send_batch": 19, "recv_batch": 0}, "server": {"usr": "wfowler", "ip": "192.168.100.1", "ibdev": "mlx5_0", "use_gpu": false, "numa_node": 0, "mr_num": 4, "buf_num": 4, "buf_size": 127904, "send_wq_depth": 1, "recv_wq_depth": 19, "send_batch": 0, "recv_batch": 52}}, {"process_num": 4, "qp_num": 2, "mtu": 5, "qp_type": "UC", "reqs": "w_3_72256_35552_7552,w_4_40992_38112_13632_7808,w_1_11936,w_4_21632_1664_320_576,w_1_48928,w_2_47520_69568,w_4_1216_4544_36032_2528,w_4_16256_4544_34272_24512,", "recvs": "4_736_95520_2912_17920,2_27264_89824,", "client": {"usr": "wfowler", "ip": "192.168.100.1", "ibdev": "mlx5_0", "use_gpu": false, "numa_node": 1, "mr_num": 3, "buf_num": 1, "buf_size": 117088, "send_wq_depth": 535, "recv_wq_depth": 1, "send_batch": 10, "recv_batch": 0}, "server": {"usr": "wfowler", "ip": "192.168.100.2", "ibdev": "mlx5_0", "use_gpu": false, "numa_node": 1, "mr_num": 2, "buf_num": 4, "buf_size": 117088, "send_wq_depth": 1, "recv_wq_depth": 832, "send_batch": 0, "recv_batch": 9}}]}


tx_vport_rdma_unicast_bytes:  25.89062
rx_vport_rdma_unicast_bytes:  25.92037
tx_vport_rdma_unicast_packets:  817192.0
rx_vport_rdma_unicast_packets:  794636.0
tx_prio3_pause_duration:  0.0
rx_prio3_pause_duration:  0.0

