{"Traffics": [{"process_num": 6, "qp_num": 1, "mtu": 5, "qp_type": "RC", "reqs": "w_3_119712_576_3552,w_1_61408,w_2_83648_12576,w_3_41120_9504_39680,w_3_75200_11424_8128,w_3_84192_2848_6848,w_2_1440_2112,w_2_7136_62016,", "recvs": "2_49600_74240,3_85088_12096_26656,2_108256_15584,", "client": {"usr": "wfowler", "ip": "192.168.100.2", "ibdev": "mlx5_0", "use_gpu": true, "numa_node": 0, "mr_num": 3, "buf_num": 1, "buf_size": 123840, "send_wq_depth": 117, "recv_wq_depth": 1, "send_batch": 3, "recv_batch": 0}, "server": {"usr": "wfowler", "ip": "192.168.100.1", "ibdev": "mlx5_0", "use_gpu": true, "numa_node": 0, "mr_num": 2, "buf_num": 1, "buf_size": 123840, "send_wq_depth": 1, "recv_wq_depth": 740, "send_batch": 0, "recv_batch": 14}}, {"process_num": 4, "qp_num": 1, "mtu": 3, "qp_type": "UD", "reqs": "s_3_608_128_128,s_3_256_64_64,s_4_32_288_32_32,s_2_800_64,s_1_64,s_2_32_96,", "recvs": "3_4864_7872_45024,1_79840,4_47264_26336_448_2880,1_9696,", "client": {"usr": "wfowler", "ip": "192.168.100.1", "ibdev": "mlx5_0", "use_gpu": true, "numa_node": 0, "mr_num": 4, "buf_num": 4, "buf_size": 4096, "send_wq_depth": 552, "recv_wq_depth": 1, "send_batch": 7, "recv_batch": 0}, "server": {"usr": "wfowler", "ip": "192.168.100.2", "ibdev": "mlx5_0", "use_gpu": true, "numa_node": 1, "mr_num": 3, "buf_num": 1, "buf_size": 79840, "send_wq_depth": 1, "recv_wq_depth": 936, "send_batch": 0, "recv_batch": 14}}]}


tx_vport_rdma_unicast_bytes:  0.0
rx_vport_rdma_unicast_bytes:  15.60453
tx_vport_rdma_unicast_packets:  0.0
rx_vport_rdma_unicast_packets:  3765574.0
tx_prio3_pause_duration:  0.0
rx_prio3_pause_duration:  0.0

latency_samples:  30
latency_min_ns:  407833.0
latency_avg_ns:  130606421.0
latency_median_ns:  130681467.33333333
latency_p95_ns:  195830738.0
latency_p99_ns:  195830738.0
latency_max_ns:  195830738.0

