{"Traffics": [{"process_num": 6, "qp_num": 3, "mtu": 5, "qp_type": "UC", "reqs": "w_1_25504,w_3_44672_1888_9568,w_4_19552_44960_3136_4864,w_1_27456,w_3_9728_17120_44704,w_4_28416_11776_832_8544,w_1_68448,", "recvs": "4_10304_25888_6016_30304,2_56448_32224,2_89216_38240,", "client": {"usr": "wfowler", "ip": "192.168.100.2", "ibdev": "mlx5_0", "use_gpu": true, "numa_node": 1, "mr_num": 4, "buf_num": 1, "buf_size": 72512, "send_wq_depth": 530, "recv_wq_depth": 1, "send_batch": 6, "recv_batch": 0}, "server": {"usr": "wfowler", "ip": "192.168.100.1", "ibdev": "mlx5_0", "use_gpu": true, "numa_node": 0, "mr_num": 4, "buf_num": 4, "buf_size": 127456, "send_wq_depth": 1, "recv_wq_depth": 668, "send_batch": 0, "recv_batch": 9}}, {"process_num": 4, "qp_num": 2, "mtu": 4, "qp_type": "UD", "reqs": "s_1_608,s_1_1472,s_1_1280,s_3_1024_288_192,s_2_480_1184,s_3_224_128_160,s_2_544_128,s_3_64_640_1088,", "recvs": "4_2528_2464_8448_15744,3_48032_29568_42272,", "client": {"usr": "wfowler", "ip": "192.168.100.2", "ibdev": "mlx5_0", "use_gpu": true, "numa_node": 0, "mr_num": 1, "buf_num": 1, "buf_size": 4096, "send_wq_depth": 592, "recv_wq_depth": 1, "send_batch": 61, "recv_batch": 0}, "server": {"usr": "wfowler", "ip": "192.168.100.2", "ibdev": "mlx5_0", "use_gpu": true, "numa_node": 1, "mr_num": 1, "buf_num": 1, "buf_size": 119872, "send_wq_depth": 1, "recv_wq_depth": 772, "send_batch": 0, "recv_batch": 9}}]}


tx_vport_rdma_unicast_bytes:  20.753220000000002
rx_vport_rdma_unicast_bytes:  2.8968499999999997
tx_vport_rdma_unicast_packets:  647280.0
rx_vport_rdma_unicast_packets:  287844.0
tx_prio3_pause_duration:  0.0
rx_prio3_pause_duration:  0.0

latency_samples:  30
latency_min_ns:  15684388.0
latency_avg_ns:  107645555.33333333
latency_median_ns:  107590494.0
latency_p95_ns:  203383241.0
latency_p99_ns:  203383241.0
latency_max_ns:  203383241.0

