{"Traffics": [{"process_num": 6, "qp_num": 3, "mtu": 3, "qp_type": "UC", "reqs": "s_4_256_10112_72256_1952,s_2_35648_40256,s_3_38272_1504_672,s_1_288,s_1_100576,s_2_448_20640,s_1_49984,", "recvs": "4_54208_42336_992_18240,3_83904_11552_5120,4_11200_10112_24320_54944,", "client": {"usr": "wfowler", "ip": "192.168.100.2", "ibdev": "mlx5_0", "use_gpu": true, "numa_node": 1, "mr_num": 3, "buf_num": 3, "buf_size": 100576, "send_wq_depth": 325, "recv_wq_depth": 1, "send_batch": 57, "recv_batch": 0}, "server": {"usr": "wfowler", "ip": "192.168.100.1", "ibdev": "mlx5_0", "use_gpu": true, "numa_node": 1, "mr_num": 4, "buf_num": 1, "buf_size": 115776, "send_wq_depth": 1, "recv_wq_depth": 467, "send_batch": 0, "recv_batch": 7}}, {"process_num": 5, "qp_num": 3, "mtu": 5, "qp_type": "RC", "reqs": "r_2_14912_384,r_1_55776,r_3_92160_12896_2560,r_4_23712_640_672_1696,r_3_25664_1984_70240,r_4_4160_99072_4416_6592,r_2_23424_22880,r_3_75168_19904_16864,", "recvs": "2_82368_31872,3_76224_18368_19648,1_114240,1_114240,", "client": {"usr": "wfowler", "ip": "192.168.100.1", "ibdev": "mlx5_0", "use_gpu": true, "numa_node": 0, "mr_num": 4, "buf_num": 4, "buf_size": 114240, "send_wq_depth": 194, "recv_wq_depth": 1, "send_batch": 22, "recv_batch": 0}, "server": {"usr": "wfowler", "ip": "192.168.100.2", "ibdev": "mlx5_0", "use_gpu": true, "numa_node": 1, "mr_num": 3, "buf_num": 4, "buf_size": 114240, "send_wq_depth": 1, "recv_wq_depth": 516, "send_batch": 0, "recv_batch": 27}}]}


tx_vport_rdma_unicast_bytes:  24.194599999999998
rx_vport_rdma_unicast_bytes:  0.0
tx_vport_rdma_unicast_packets:  2823258.0
rx_vport_rdma_unicast_packets:  0.0
tx_prio3_pause_duration:  0.0
rx_prio3_pause_duration:  0.0

latency_samples:  30
latency_min_ns:  97451137.0
latency_avg_ns:  100241615.0
latency_median_ns:  100344507.66666667
latency_p95_ns:  104691643.0
latency_p99_ns:  104691643.0
latency_max_ns:  104691643.0

