{"Traffics": [{"process_num": 4, "qp_num": 3, "mtu": 5, "qp_type": "UC", "reqs": "w_1_21376,w_2_72736_51776,w_2_14656_100576,w_4_14720_7168_9536_8864,w_1_114272,", "recvs": "1_124512,", "client": {"usr": "wfowler", "ip": "192.168.100.2", "ibdev": "mlx5_0", "use_gpu": true, "numa_node": 1, "mr_num": 2, "buf_num": 3, "buf_size": 124512, "send_wq_depth": 496, "recv_wq_depth": 1, "send_batch": 62, "recv_batch": 0}, "server": {"usr": "wfowler", "ip": "192.168.100.1", "ibdev": "mlx5_0", "use_gpu": true, "numa_node": 0, "mr_num": 1, "buf_num": 1, "buf_size": 124512, "send_wq_depth": 1, "recv_wq_depth": 277, "send_batch": 0, "recv_batch": 45}}, {"process_num": 5, "qp_num": 3, "mtu": 5, "qp_type": "UC", "reqs": "s_1_49088,s_4_64_27136_48832_7104,s_3_52576_16736_11712,s_2_35136_8256,s_4_58976_22080_14400_18272,s_4_5440_12160_4640_8960,s_4_10720_128_32_32,s_4_122112_1984_224_4864,", "recvs": "1_129184,", "client": {"usr": "wfowler", "ip": "192.168.100.1", "ibdev": "mlx5_0", "use_gpu": true, "numa_node": 0, "mr_num": 4, "buf_num": 4, "buf_size": 129184, "send_wq_depth": 163, "recv_wq_depth": 1, "send_batch": 23, "recv_batch": 0}, "server": {"usr": "wfowler", "ip": "192.168.100.2", "ibdev": "mlx5_0", "use_gpu": true, "numa_node": 0, "mr_num": 2, "buf_num": 4, "buf_size": 129184, "send_wq_depth": 1, "recv_wq_depth": 556, "send_batch": 0, "recv_batch": 55}}]}


tx_vport_rdma_unicast_bytes:  24.06169
rx_vport_rdma_unicast_bytes:  0.053149999999999996
tx_vport_rdma_unicast_packets:  741605.0
rx_vport_rdma_unicast_packets:  5199.0
tx_prio3_pause_duration:  0.0
rx_prio3_pause_duration:  0.0

latency_samples:  30
latency_min_ns:  60539458.0
latency_avg_ns:  136980122.0
latency_median_ns:  137048481.66666666
latency_p95_ns:  175262298.0
latency_p99_ns:  175262298.0
latency_max_ns:  175262298.0

