{"Traffics": [{"process_num": 6, "qp_num": 1, "mtu": 5, "qp_type": "UD", "reqs": "s_4_1024_128_96_128,s_1_3520,s_4_1024_992_704_768,s_2_1312_1600,s_1_1664,s_1_1856,s_3_192_800_544,", "recvs": "4_2016_7520_25632_26592,4_14176_416_3328_1120,", "client": {"usr": "wfowler", "ip": "192.168.100.2", "ibdev": "mlx5_0", "use_gpu": false, "numa_node": 0, "mr_num": 4, "buf_num": 1, "buf_size": 4096, "send_wq_depth": 985, "recv_wq_depth": 1, "send_batch": 28, "recv_batch": 0}, "server": {"usr": "wfowler", "ip": "192.168.100.1", "ibdev": "mlx5_0", "use_gpu": false, "numa_node": 1, "mr_num": 1, "buf_num": 4, "buf_size": 61760, "send_wq_depth": 1, "recv_wq_depth": 847, "send_batch": 0, "recv_batch": 36}}, {"process_num": 6, "qp_num": 4, "mtu": 5, "qp_type": "RC", "reqs": "w_2_48896_8192,w_1_60256,w_2_12064_71296,w_2_3360_82880,w_1_92896,w_1_53536,w_1_42016,w_4_7200_2240_1920_3168,", "recvs": "3_17664_12832_62400,4_11424_59424_12832_9216,4_84896_1216_2720_4064,2_25888_67008,", "client": {"usr": "wfowler", "ip": "192.168.100.2", "ibdev": "mlx5_0", "use_gpu": false, "numa_node": 0, "mr_num": 4, "buf_num": 3, "buf_size": 92896, "send_wq_depth": 263, "recv_wq_depth": 1, "send_batch": 64, "recv_batch": 0}, "server": {"usr": "wfowler", "ip": "192.168.100.2", "ibdev": "mlx5_0", "use_gpu": false, "numa_node": 1, "mr_num": 3, "buf_num": 4, "buf_size": 92896, "send_wq_depth": 1, "recv_wq_depth": 571, "send_batch": 0, "recv_batch": 46}}]}


tx_vport_rdma_unicast_bytes:  7.93915
rx_vport_rdma_unicast_bytes:  48.94543
tx_vport_rdma_unicast_packets:  413153.0
rx_vport_rdma_unicast_packets:  1641956.0
tx_prio3_pause_duration:  0.0
rx_prio3_pause_duration:  0.0

