{"Traffics": [{"process_num": 6, "qp_num": 4, "mtu": 3, "qp_type": "RC", "reqs": "r_4_51072_15616_10240_32640,r_4_10752_8128_7712_6368,r_2_15904_4384,r_4_9024_1088_32_32,r_4_10144_1056_96_7392,r_3_40512_23168_42176,r_4_2624_30688_46848_48576,", "recvs": "3_21984_2176_104576,4_28096_68672_864_31104,", "client": {"usr": "wfowler", "ip": "192.168.100.2", "ibdev": "mlx5_0", "use_gpu": true, "numa_node": 0, "mr_num": 2, "buf_num": 3, "buf_size": 128736, "send_wq_depth": 486, "recv_wq_depth": 1, "send_batch": 63, "recv_batch": 0}, "server": {"usr": "wfowler", "ip": "192.168.100.1", "ibdev": "mlx5_0", "use_gpu": true, "numa_node": 0, "mr_num": 3, "buf_num": 3, "buf_size": 128736, "send_wq_depth": 1, "recv_wq_depth": 388, "send_batch": 0, "recv_batch": 10}}, {"process_num": 5, "qp_num": 3, "mtu": 4, "qp_type": "UD", "reqs": "s_1_224,s_3_160_768_64,s_3_288_288_672,s_3_1088_128_192,s_3_224_160_480,s_1_1440,s_4_704_352_224_704,s_3_192_64_128,", "recvs": "2_50272_50176,2_7968_73312,", "client": {"usr": "wfowler", "ip": "192.168.100.1", "ibdev": "mlx5_0", "use_gpu": true, "numa_node": 0, "mr_num": 4, "buf_num": 2, "buf_size": 4096, "send_wq_depth": 510, "recv_wq_depth": 1, "send_batch": 64, "recv_batch": 0}, "server": {"usr": "wfowler", "ip": "192.168.100.2", "ibdev": "mlx5_0", "use_gpu": true, "numa_node": 0, "mr_num": 4, "buf_num": 1, "buf_size": 100448, "send_wq_depth": 1, "recv_wq_depth": 894, "send_batch": 0, "recv_batch": 30}}]}


tx_vport_rdma_unicast_bytes:  0.01617
rx_vport_rdma_unicast_bytes:  21.04318
tx_vport_rdma_unicast_packets:  27317.0
rx_vport_rdma_unicast_packets:  2494283.0
tx_prio3_pause_duration:  0.0
rx_prio3_pause_duration:  0.0

latency_samples:  30
latency_min_ns:  4863799.0
latency_avg_ns:  257079264.33333334
latency_median_ns:  261215543.0
latency_p95_ns:  437379068.0
latency_p99_ns:  437379068.0
latency_max_ns:  437379068.0

