{"Traffics": [{"process_num": 5, "qp_num": 2, "mtu": 5, "qp_type": "RC", "reqs": "r_1_44256,r_4_5952_256_704_256,r_1_11936,r_1_61536,r_4_21344_2528_672_256,", "recvs": "4_29920_11264_4672_15680,3_63328_24704_2048,2_94048_3712,3_4000_74176_1056,", "client": {"usr": "wfowler", "ip": "192.168.100.2", "ibdev": "mlx5_0", "use_gpu": true, "numa_node": 1, "mr_num": 3, "buf_num": 2, "buf_size": 61536, "send_wq_depth": 69, "recv_wq_depth": 1, "send_batch": 45, "recv_batch": 0}, "server": {"usr": "wfowler", "ip": "192.168.100.1", "ibdev": "mlx5_0", "use_gpu": true, "numa_node": 0, "mr_num": 1, "buf_num": 3, "buf_size": 97760, "send_wq_depth": 1, "recv_wq_depth": 450, "send_batch": 0, "recv_batch": 9}}, {"process_num": 5, "qp_num": 3, "mtu": 3, "qp_type": "RC", "reqs": "w_1_7424,w_1_40544,w_2_20672_96,w_3_63776_1824_160,w_4_67264_47712_3360_1984,w_1_106976,w_1_40960,w_4_10816_87328_2720_7456,", "recvs": "3_67488_34944_17888,1_120320,4_57888_42304_12672_7456,", "client": {"usr": "wfowler", "ip": "192.168.100.2", "ibdev": "mlx5_0", "use_gpu": true, "numa_node": 1, "mr_num": 1, "buf_num": 2, "buf_size": 120320, "send_wq_depth": 806, "recv_wq_depth": 1, "send_batch": 59, "recv_batch": 0}, "server": {"usr": "wfowler", "ip": "192.168.100.2", "ibdev": "mlx5_0", "use_gpu": true, "numa_node": 0, "mr_num": 4, "buf_num": 3, "buf_size": 120320, "send_wq_depth": 1, "recv_wq_depth": 52, "send_batch": 0, "recv_batch": 45}}]}


tx_vport_rdma_unicast_bytes:  0.0
rx_vport_rdma_unicast_bytes:  24.170099999999998
tx_vport_rdma_unicast_packets:  0.0
rx_vport_rdma_unicast_packets:  2858622.0
tx_prio3_pause_duration:  0.0
rx_prio3_pause_duration:  0.0

latency_samples:  30
latency_min_ns:  2874800.0
latency_avg_ns:  178135051.0
latency_median_ns:  178155763.33333334
latency_p95_ns:  267285548.0
latency_p99_ns:  267285548.0
latency_max_ns:  267285548.0

