{"Traffics": [{"process_num": 4, "qp_num": 3, "mtu": 5, "qp_type": "RC", "reqs": "r_3_1568_10944_32,r_3_9568_37152_57600,r_2_35168_18592,r_3_34048_4448_48160,r_2_16992_36640,r_4_53600_26016_416_3552,r_4_1760_4352_6464_6464,", "recvs": "4_102112_4512_6784_288,4_54016_39584_3680_7040,", "client": {"usr": "wfowler", "ip": "192.168.100.2", "ibdev": "mlx5_0", "use_gpu": true, "numa_node": 0, "mr_num": 3, "buf_num": 1, "buf_size": 104320, "send_wq_depth": 999, "recv_wq_depth": 1, "send_batch": 33, "recv_batch": 0}, "server": {"usr": "wfowler", "ip": "192.168.100.1", "ibdev": "mlx5_0", "use_gpu": true, "numa_node": 0, "mr_num": 2, "buf_num": 3, "buf_size": 113696, "send_wq_depth": 1, "recv_wq_depth": 402, "send_batch": 0, "recv_batch": 9}}, {"process_num": 6, "qp_num": 1, "mtu": 3, "qp_type": "UC", "reqs": "w_3_15712_32864_7008,w_2_57408_24672,w_3_16256_16288_7744,w_3_21792_320_26752,w_4_41248_2368_3072_2176,w_3_95904_4512_3936,w_1_49280,w_1_11840,", "recvs": "2_9664_103648,4_25632_9088_30368_39264,2_30592_73760,", "client": {"usr": "wfowler", "ip": "192.168.100.1", "ibdev": "mlx5_0", "use_gpu": true, "numa_node": 1, "mr_num": 1, "buf_num": 2, "buf_size": 104352, "send_wq_depth": 192, "recv_wq_depth": 1, "send_batch": 16, "recv_batch": 0}, "server": {"usr": "wfowler", "ip": "192.168.100.2", "ibdev": "mlx5_0", "use_gpu": true, "numa_node": 0, "mr_num": 3, "buf_num": 4, "buf_size": 113312, "send_wq_depth": 1, "recv_wq_depth": 33, "send_batch": 0, "recv_batch": 51}}]}


tx_vport_rdma_unicast_bytes:  0.0
rx_vport_rdma_unicast_bytes:  24.398509999999998
tx_vport_rdma_unicast_packets:  0.0
rx_vport_rdma_unicast_packets:  2833250.0
tx_prio3_pause_duration:  0.0
rx_prio3_pause_duration:  0.0

latency_samples:  30
latency_min_ns:  23068636.0
latency_avg_ns:  184805342.33333334
latency_median_ns:  184921521.0
latency_p95_ns:  266634119.0
latency_p99_ns:  266634119.0
latency_max_ns:  266634119.0

