{"Traffics": [{"process_num": 4, "qp_num": 1, "mtu": 5, "qp_type": "UC", "reqs": "s_4_69664_11232_19264_3808,s_4_74752_5088_256_800,s_4_3840_65632_17184_15712,s_3_36768_14720_9600,s_4_48128_7104_37344_14048,s_4_5920_11456_5824_7040,", "recvs": "3_96512_10368_2976,", "client": {"usr": "wfowler", "ip": "192.168.100.2", "ibdev": "mlx5_0", "use_gpu": true, "numa_node": 1, "mr_num": 3, "buf_num": 3, "buf_size": 106624, "send_wq_depth": 234, "recv_wq_depth": 1, "send_batch": 47, "recv_batch": 0}, "server": {"usr": "wfowler", "ip": "192.168.100.1", "ibdev": "mlx5_0", "use_gpu": true, "numa_node": 0, "mr_num": 3, "buf_num": 1, "buf_size": 109856, "send_wq_depth": 1, "recv_wq_depth": 720, "send_batch": 0, "recv_batch": 14}}, {"process_num": 6, "qp_num": 3, "mtu": 5, "qp_type": "UD", "reqs": "s_3_928_320_480,s_4_64_224_64_320,s_3_160_128_480,s_3_320_1184_1568,s_3_192_32_32,", "recvs": "1_127840,4_12704_10848_608_2016,1_37568,4_3904_7008_2752_736,", "client": {"usr": "wfowler", "ip": "192.168.100.1", "ibdev": "mlx5_0", "use_gpu": true, "numa_node": 0, "mr_num": 4, "buf_num": 3, "buf_size": 4096, "send_wq_depth": 795, "recv_wq_depth": 1, "send_batch": 52, "recv_batch": 0}, "server": {"usr": "wfowler", "ip": "192.168.100.2", "ibdev": "mlx5_0", "use_gpu": true, "numa_node": 1, "mr_num": 4, "buf_num": 2, "buf_size": 127840, "send_wq_depth": 1, "recv_wq_depth": 645, "send_batch": 0, "recv_batch": 27}}]}


tx_vport_rdma_unicast_bytes:  23.86474
rx_vport_rdma_unicast_bytes:  5.91692
tx_vport_rdma_unicast_packets:  733345.0
rx_vport_rdma_unicast_packets:  1164135.0
tx_prio3_pause_duration:  0.0
rx_prio3_pause_duration:  0.0

latency_samples:  30
latency_min_ns:  7559252.0
latency_avg_ns:  16906576.0
latency_median_ns:  16897457.333333332
latency_p95_ns:  21821914.0
latency_p99_ns:  21821914.0
latency_max_ns:  21821914.0

