{"Traffics": [{"process_num": 4, "qp_num": 3, "mtu": 5, "qp_type": "UC", "reqs": "w_1_43968,w_4_84800_10080_128_10560,w_3_57728_2432_1056,w_1_65088,w_3_22848_2848_99104,w_1_75360,w_3_25088_48992_13408,", "recvs": "4_78592_12480_4064_29664,3_42688_71072_11040,", "client": {"usr": "wfowler", "ip": "192.168.100.2", "ibdev": "mlx5_0", "use_gpu": true, "numa_node": 0, "mr_num": 3, "buf_num": 3, "buf_size": 124800, "send_wq_depth": 388, "recv_wq_depth": 1, "send_batch": 22, "recv_batch": 0}, "server": {"usr": "wfowler", "ip": "192.168.100.1", "ibdev": "mlx5_0", "use_gpu": true, "numa_node": 0, "mr_num": 1, "buf_num": 3, "buf_size": 124800, "send_wq_depth": 1, "recv_wq_depth": 73, "send_batch": 0, "recv_batch": 32}}, {"process_num": 5, "qp_num": 3, "mtu": 4, "qp_type": "RC", "reqs": "w_2_19616_104224,w_1_14912,w_4_22432_39968_2560_23552,w_4_3008_73664_5664_5504,", "recvs": "4_120608_1696_320_1216,3_122464_1024_352,2_3552_120288,", "client": {"usr": "wfowler", "ip": "192.168.100.2", "ibdev": "mlx5_0", "use_gpu": true, "numa_node": 1, "mr_num": 4, "buf_num": 2, "buf_size": 123840, "send_wq_depth": 880, "recv_wq_depth": 1, "send_batch": 59, "recv_batch": 0}, "server": {"usr": "wfowler", "ip": "192.168.100.2", "ibdev": "mlx5_0", "use_gpu": true, "numa_node": 1, "mr_num": 1, "buf_num": 3, "buf_size": 123840, "send_wq_depth": 1, "recv_wq_depth": 173, "send_batch": 0, "recv_batch": 23}}]}


tx_vport_rdma_unicast_bytes:  14.570829999999999
rx_vport_rdma_unicast_bytes:  9.31243
tx_vport_rdma_unicast_packets:  446001.0
rx_vport_rdma_unicast_packets:  579693.0
tx_prio3_pause_duration:  0.0
rx_prio3_pause_duration:  0.0

latency_samples:  20
latency_min_ns:  209930672.0
latency_avg_ns:  558079622.5
latency_median_ns:  557883865.0
latency_p95_ns:  908542680.0
latency_p99_ns:  908542680.0
latency_max_ns:  908542680.0

