{"Traffics": [{"process_num": 4, "qp_num": 4, "mtu": 4, "qp_type": "RC", "reqs": "s_1_19552,s_4_10752_4832_7200_3200,s_4_55360_40512_6528_2400,s_3_5280_32_160,s_1_29024,", "recvs": "2_83360_21440,2_49920_54880,", "client": {"usr": "wfowler", "ip": "192.168.100.2", "ibdev": "mlx5_0", "use_gpu": false, "numa_node": 0, "mr_num": 1, "buf_num": 1, "buf_size": 104800, "send_wq_depth": 711, "recv_wq_depth": 1, "send_batch": 39, "recv_batch": 0}, "server": {"usr": "wfowler", "ip": "192.168.100.1", "ibdev": "mlx5_0", "use_gpu": false, "numa_node": 1, "mr_num": 4, "buf_num": 2, "buf_size": 104800, "send_wq_depth": 1, "recv_wq_depth": 14, "send_batch": 0, "recv_batch": 14}}, {"process_num": 4, "qp_num": 3, "mtu": 3, "qp_type": "UC", "reqs": "w_1_123776,w_2_20928_36224,w_1_47296,w_2_6272_25824,w_3_89312_5472_2880,w_3_14144_32_32,w_4_43264_6016_6528_19712,", "recvs": "2_100000_23776,1_123776,4_37664_26208_12704_47200,3_960_32864_89952,", "client": {"usr": "wfowler", "ip": "192.168.100.2", "ibdev": "mlx5_0", "use_gpu": false, "numa_node": 0, "mr_num": 1, "buf_num": 1, "buf_size": 123776, "send_wq_depth": 431, "recv_wq_depth": 1, "send_batch": 34, "recv_batch": 0}, "server": {"usr": "wfowler", "ip": "192.168.100.2", "ibdev": "mlx5_0", "use_gpu": false, "numa_node": 1, "mr_num": 4, "buf_num": 2, "buf_size": 123776, "send_wq_depth": 1, "recv_wq_depth": 81, "send_batch": 0, "recv_batch": 12}}]}


tx_vport_rdma_unicast_bytes:  25.753130000000002
rx_vport_rdma_unicast_bytes:  10.25259
tx_vport_rdma_unicast_packets:  1573813.0
rx_vport_rdma_unicast_packets:  1287013.0
tx_prio3_pause_duration:  0.0
rx_prio3_pause_duration:  0.0

