{"Traffics": [{"process_num": 5, "qp_num": 3, "mtu": 4, "qp_type": "UC", "reqs": "s_2_59840_8448,s_4_45184_51328_8384_6528,s_4_50560_28960_8928_1696,s_4_46912_1152_128_96,s_3_20960_7872_2144,s_4_13024_2144_512_32,s_1_20608,s_2_8096_29888,", "recvs": "3_39136_55616_16672,1_111424,2_37984_73440,2_22496_88928,", "client": {"usr": "wfowler", "ip": "192.168.100.2", "ibdev": "mlx5_0", "use_gpu": true, "numa_node": 1, "mr_num": 3, "buf_num": 1, "buf_size": 111424, "send_wq_depth": 921, "recv_wq_depth": 1, "send_batch": 51, "recv_batch": 0}, "server": {"usr": "wfowler", "ip": "192.168.100.1", "ibdev": "mlx5_0", "use_gpu": true, "numa_node": 1, "mr_num": 1, "buf_num": 3, "buf_size": 111424, "send_wq_depth": 1, "recv_wq_depth": 68, "send_batch": 0, "recv_batch": 15}}, {"process_num": 4, "qp_num": 4, "mtu": 3, "qp_type": "RC", "reqs": "s_1_22304,s_1_32768,", "recvs": "2_51104_5728,", "client": {"usr": "wfowler", "ip": "192.168.100.1", "ibdev": "mlx5_0", "use_gpu": true, "numa_node": 1, "mr_num": 3, "buf_num": 4, "buf_size": 32768, "send_wq_depth": 333, "recv_wq_depth": 1, "send_batch": 50, "recv_batch": 0}, "server": {"usr": "wfowler", "ip": "192.168.100.2", "ibdev": "mlx5_0", "use_gpu": true, "numa_node": 1, "mr_num": 3, "buf_num": 1, "buf_size": 56832, "send_wq_depth": 1, "recv_wq_depth": 174, "send_batch": 0, "recv_batch": 7}}]}


tx_vport_rdma_unicast_bytes:  23.56818
rx_vport_rdma_unicast_bytes:  24.925849999999997
tx_vport_rdma_unicast_packets:  1567351.0
rx_vport_rdma_unicast_packets:  2879999.0
tx_prio3_pause_duration:  0.0
rx_prio3_pause_duration:  0.0

latency_samples:  30
latency_min_ns:  46441606.0
latency_avg_ns:  191988538.33333334
latency_median_ns:  191922228.66666666
latency_p95_ns:  265931030.0
latency_p99_ns:  265931030.0
latency_max_ns:  265931030.0

