{"Traffics": [{"process_num": 5, "qp_num": 4, "mtu": 5, "qp_type": "UC", "reqs": "w_4_13632_6784_960_608,w_2_28608_6400,w_4_17024_20704_1312_1792,w_2_1792_3968,w_2_29856_58400,", "recvs": "3_61408_13504_33824,", "client": {"usr": "wfowler", "ip": "192.168.100.2", "ibdev": "mlx5_0", "use_gpu": true, "numa_node": 0, "mr_num": 3, "buf_num": 1, "buf_size": 88256, "send_wq_depth": 124, "recv_wq_depth": 1, "send_batch": 29, "recv_batch": 0}, "server": {"usr": "wfowler", "ip": "192.168.100.1", "ibdev": "mlx5_0", "use_gpu": true, "numa_node": 0, "mr_num": 1, "buf_num": 1, "buf_size": 108736, "send_wq_depth": 1, "recv_wq_depth": 756, "send_batch": 0, "recv_batch": 10}}, {"process_num": 5, "qp_num": 2, "mtu": 3, "qp_type": "RC", "reqs": "s_3_51808_8992_31392,s_1_124864,s_1_112736,s_3_2080_1984_30880,s_3_52256_35456_6080,s_2_17920_108992,s_1_51136,s_2_7488_69280,", "recvs": "1_126912,4_48320_49440_23776_5376,3_9024_79328_41696,", "client": {"usr": "wfowler", "ip": "192.168.100.2", "ibdev": "mlx5_0", "use_gpu": true, "numa_node": 0, "mr_num": 1, "buf_num": 4, "buf_size": 126912, "send_wq_depth": 815, "recv_wq_depth": 1, "send_batch": 51, "recv_batch": 0}, "server": {"usr": "wfowler", "ip": "192.168.100.2", "ibdev": "mlx5_0", "use_gpu": true, "numa_node": 1, "mr_num": 3, "buf_num": 1, "buf_size": 130048, "send_wq_depth": 1, "recv_wq_depth": 961, "send_batch": 0, "recv_batch": 37}}]}


tx_vport_rdma_unicast_bytes:  21.04097
rx_vport_rdma_unicast_bytes:  3.08223
tx_vport_rdma_unicast_packets:  661710.0
rx_vport_rdma_unicast_packets:  360585.0
tx_prio3_pause_duration:  0.0
rx_prio3_pause_duration:  0.0

latency_samples:  20
latency_min_ns:  32280946.0
latency_avg_ns:  37020986.5
latency_median_ns:  36439356.0
latency_p95_ns:  48254552.0
latency_p99_ns:  48254552.0
latency_max_ns:  48254552.0

