{"Traffics": [{"process_num": 5, "qp_num": 3, "mtu": 3, "qp_type": "UC", "reqs": "w_3_13824_20224_1184,w_3_128_29728_19328,w_2_49472_25984,w_4_31488_4192_8736_736,w_3_28320_29184_35552,w_2_30944_67040,w_4_61824_40256_3456_288,", "recvs": "4_7520_28576_32448_37280,1_105824,1_105824,", "client": {"usr": "wfowler", "ip": "192.168.100.2", "ibdev": "mlx5_0", "use_gpu": false, "numa_node": 0, "mr_num": 2, "buf_num": 4, "buf_size": 105824, "send_wq_depth": 366, "recv_wq_depth": 1, "send_batch": 64, "recv_batch": 0}, "server": {"usr": "wfowler", "ip": "192.168.100.1", "ibdev": "mlx5_0", "use_gpu": false, "numa_node": 0, "mr_num": 4, "buf_num": 1, "buf_size": 105824, "send_wq_depth": 1, "recv_wq_depth": 803, "send_batch": 0, "recv_batch": 17}}, {"process_num": 6, "qp_num": 1, "mtu": 4, "qp_type": "UD", "reqs": "s_3_1344_320_320,s_1_320,s_3_576_832_64,s_3_960_32_96,s_3_384_32_224,s_2_896_224,s_3_1216_32_704,", "recvs": "4_95424_8416_5824_19200,", "client": {"usr": "wfowler", "ip": "192.168.100.1", "ibdev": "mlx5_0", "use_gpu": false, "numa_node": 0, "mr_num": 1, "buf_num": 4, "buf_size": 4096, "send_wq_depth": 286, "recv_wq_depth": 1, "send_batch": 27, "recv_batch": 0}, "server": {"usr": "wfowler", "ip": "192.168.100.2", "ibdev": "mlx5_0", "use_gpu": false, "numa_node": 0, "mr_num": 3, "buf_num": 4, "buf_size": 128864, "send_wq_depth": 1, "recv_wq_depth": 499, "send_batch": 0, "recv_batch": 22}}]}


tx_vport_rdma_unicast_bytes:  25.511509999999998
rx_vport_rdma_unicast_bytes:  25.68584
tx_vport_rdma_unicast_packets:  2968683.0
rx_vport_rdma_unicast_packets:  2479057.0
tx_prio3_pause_duration:  0.0
rx_prio3_pause_duration:  0.0

