{"Traffics": [{"process_num": 4, "qp_num": 2, "mtu": 5, "qp_type": "UD", "reqs": "s_3_160_32_32,s_3_2784_32_32,s_4_448_544_128_192,s_3_32_96_256,s_1_3072,s_3_416_160_1632,", "recvs": "2_92192_35328,2_43840_4384,2_16032_85184,4_7328_41792_10976_10784,", "client": {"usr": "wfowler", "ip": "192.168.100.2", "ibdev": "mlx5_0", "use_gpu": true, "numa_node": 1, "mr_num": 2, "buf_num": 3, "buf_size": 4096, "send_wq_depth": 97, "recv_wq_depth": 1, "send_batch": 36, "recv_batch": 0}, "server": {"usr": "wfowler", "ip": "192.168.100.1", "ibdev": "mlx5_0", "use_gpu": true, "numa_node": 1, "mr_num": 3, "buf_num": 2, "buf_size": 127520, "send_wq_depth": 1, "recv_wq_depth": 513, "send_batch": 0, "recv_batch": 27}}, {"process_num": 5, "qp_num": 4, "mtu": 5, "qp_type": "RC", "reqs": "r_4_7360_2016_96_32,r_4_21472_74176_5120_5632,r_3_74944_6176_7520,r_1_30272,r_1_124064,r_2_4480_120288,r_4_99072_576_3008_2240,r_2_31904_4192,", "recvs": "3_100000_3104_21664,", "client": {"usr": "wfowler", "ip": "192.168.100.1", "ibdev": "mlx5_0", "use_gpu": true, "numa_node": 1, "mr_num": 2, "buf_num": 1, "buf_size": 124768, "send_wq_depth": 859, "recv_wq_depth": 1, "send_batch": 21, "recv_batch": 0}, "server": {"usr": "wfowler", "ip": "192.168.100.2", "ibdev": "mlx5_0", "use_gpu": true, "numa_node": 1, "mr_num": 4, "buf_num": 2, "buf_size": 124768, "send_wq_depth": 1, "recv_wq_depth": 304, "send_batch": 0, "recv_batch": 45}}]}


tx_vport_rdma_unicast_bytes:  22.79938
rx_vport_rdma_unicast_bytes:  0.0
tx_vport_rdma_unicast_packets:  1637262.0
rx_vport_rdma_unicast_packets:  0.0
tx_prio3_pause_duration:  0.0
rx_prio3_pause_duration:  0.0

latency_samples:  30
latency_min_ns:  324454.0
latency_avg_ns:  5454488.666666667
latency_median_ns:  5476927.0
latency_p95_ns:  15728302.0
latency_p99_ns:  15728302.0
latency_max_ns:  15728302.0

