{"Traffics": [{"process_num": 6, "qp_num": 2, "mtu": 5, "qp_type": "UD", "reqs": "s_3_3328_32_480,s_2_512_64,s_2_320_1824,s_4_448_64_256_96,s_4_256_64_160_160,s_3_2336_192_160,s_1_160,", "recvs": "1_57824,2_76096_22880,2_42656_14688,2_2656_1184,", "client": {"usr": "wfowler", "ip": "192.168.100.2", "ibdev": "mlx5_0", "use_gpu": false, "numa_node": 0, "mr_num": 3, "buf_num": 2, "buf_size": 4096, "send_wq_depth": 526, "recv_wq_depth": 1, "send_batch": 60, "recv_batch": 0}, "server": {"usr": "wfowler", "ip": "192.168.100.1", "ibdev": "mlx5_0", "use_gpu": false, "numa_node": 0, "mr_num": 3, "buf_num": 1, "buf_size": 98976, "send_wq_depth": 1, "recv_wq_depth": 569, "send_batch": 0, "recv_batch": 32}}, {"process_num": 6, "qp_num": 4, "mtu": 3, "qp_type": "RC", "reqs": "s_3_84320_10976_4704,s_3_11328_64_19456,s_4_29184_128_13888_10272,s_3_2592_21632_5376,s_2_88640_18784,s_2_49024_3104,s_4_29536_43840_192_2080,s_4_1792_23648_672_4640,", "recvs": "3_97760_8448_1216,3_19488_80544_25568,4_14176_79168_4864_9216,", "client": {"usr": "wfowler", "ip": "192.168.100.1", "ibdev": "mlx5_0", "use_gpu": false, "numa_node": 1, "mr_num": 4, "buf_num": 3, "buf_size": 107424, "send_wq_depth": 200, "recv_wq_depth": 1, "send_batch": 4, "recv_batch": 0}, "server": {"usr": "wfowler", "ip": "192.168.100.2", "ibdev": "mlx5_0", "use_gpu": false, "numa_node": 1, "mr_num": 3, "buf_num": 4, "buf_size": 125600, "send_wq_depth": 1, "recv_wq_depth": 304, "send_batch": 0, "recv_batch": 52}}]}


tx_vport_rdma_unicast_bytes:  25.683259999999997
rx_vport_rdma_unicast_bytes:  25.59968
tx_vport_rdma_unicast_packets:  2040307.0
rx_vport_rdma_unicast_packets:  2966554.0
tx_prio3_pause_duration:  0.0
rx_prio3_pause_duration:  0.0

