{"Traffics": [{"process_num": 5, "qp_num": 3, "mtu": 5, "qp_type": "RC", "reqs": "s_2_42752_49568,s_4_68064_7680_1952_3456,s_4_53376_29952_6016_5760,s_1_127584,s_1_130464,s_2_84512_2336,s_1_82304,s_3_84672_25472_14720,", "recvs": "4_1920_70112_5344_53088,4_44768_39200_44256_2240,3_72640_40704_17120,", "client": {"usr": "wfowler", "ip": "192.168.100.2", "ibdev": "mlx5_0", "use_gpu": true, "numa_node": 1, "mr_num": 4, "buf_num": 1, "buf_size": 130464, "send_wq_depth": 12, "recv_wq_depth": 1, "send_batch": 13, "recv_batch": 0}, "server": {"usr": "wfowler", "ip": "192.168.100.1", "ibdev": "mlx5_0", "use_gpu": true, "numa_node": 0, "mr_num": 1, "buf_num": 4, "buf_size": 130464, "send_wq_depth": 1, "recv_wq_depth": 754, "send_batch": 0, "recv_batch": 26}}, {"process_num": 5, "qp_num": 2, "mtu": 3, "qp_type": "UC", "reqs": "s_2_5120_17408,s_3_57056_39168_12064,s_2_90144_30720,s_4_15040_3296_256_8864,s_3_38016_8960_71200,s_2_99712_17984,s_1_76896,", "recvs": "4_100928_18144_288_1504,", "client": {"usr": "wfowler", "ip": "192.168.100.1", "ibdev": "mlx5_0", "use_gpu": true, "numa_node": 1, "mr_num": 1, "buf_num": 1, "buf_size": 120864, "send_wq_depth": 396, "recv_wq_depth": 1, "send_batch": 43, "recv_batch": 0}, "server": {"usr": "wfowler", "ip": "192.168.100.2", "ibdev": "mlx5_0", "use_gpu": true, "numa_node": 1, "mr_num": 4, "buf_num": 3, "buf_size": 120864, "send_wq_depth": 1, "recv_wq_depth": 146, "send_batch": 0, "recv_batch": 17}}]}


tx_vport_rdma_unicast_bytes:  0.0
rx_vport_rdma_unicast_bytes:  24.59916
tx_vport_rdma_unicast_packets:  0.0
rx_vport_rdma_unicast_packets:  2845103.0
tx_prio3_pause_duration:  0.0
rx_prio3_pause_duration:  0.0

latency_samples:  30
latency_min_ns:  72534323.0
latency_avg_ns:  88584715.66666667
latency_median_ns:  87721465.33333333
latency_p95_ns:  116262882.0
latency_p99_ns:  116262882.0
latency_max_ns:  116262882.0

