{"Traffics": [{"process_num": 5, "qp_num": 4, "mtu": 5, "qp_type": "RC", "reqs": "r_1_87360,r_3_15616_6752_32448,r_1_123712,r_2_46048_77120,r_2_47200_9664,r_4_6496_448_5088_20768,", "recvs": "4_7200_99360_6944_10208,3_40544_7360_75808,1_123712,3_113888_9088_736,", "client": {"usr": "wfowler", "ip": "192.168.100.2", "ibdev": "mlx5_0", "use_gpu": false, "numa_node": 1, "mr_num": 2, "buf_num": 1, "buf_size": 123712, "send_wq_depth": 116, "recv_wq_depth": 1, "send_batch": 60, "recv_batch": 0}, "server": {"usr": "wfowler", "ip": "192.168.100.1", "ibdev": "mlx5_0", "use_gpu": false, "numa_node": 1, "mr_num": 4, "buf_num": 3, "buf_size": 123712, "send_wq_depth": 1, "recv_wq_depth": 500, "send_batch": 0, "recv_batch": 3}}, {"process_num": 5, "qp_num": 2, "mtu": 3, "qp_type": "RC", "reqs": "w_4_24640_12064_448_1280,w_1_122912,w_4_1664_32_992_704,w_4_20544_17568_12256_27200,w_4_94304_17632_288_11744,w_2_31904_832,w_3_736_608_736,w_4_53472_3680_5376_9760,", "recvs": "4_116832_4800_960_1376,", "client": {"usr": "wfowler", "ip": "192.168.100.1", "ibdev": "mlx5_0", "use_gpu": false, "numa_node": 0, "mr_num": 2, "buf_num": 1, "buf_size": 123968, "send_wq_depth": 107, "recv_wq_depth": 1, "send_batch": 37, "recv_batch": 0}, "server": {"usr": "wfowler", "ip": "192.168.100.2", "ibdev": "mlx5_0", "use_gpu": false, "numa_node": 1, "mr_num": 2, "buf_num": 2, "buf_size": 123968, "send_wq_depth": 1, "recv_wq_depth": 509, "send_batch": 0, "recv_batch": 48}}]}


tx_vport_rdma_unicast_bytes:  0.02465
rx_vport_rdma_unicast_bytes:  25.44166
tx_vport_rdma_unicast_packets:  43069.0
rx_vport_rdma_unicast_packets:  1062185.0
tx_prio3_pause_duration:  0.0
rx_prio3_pause_duration:  0.0

