{"Traffics": [{"process_num": 6, "qp_num": 4, "mtu": 5, "qp_type": "RC", "reqs": "s_4_10144_89024_1024_2016,s_1_100000,s_4_2176_1184_1024_512,s_3_2528_6592_20928,s_1_117792,s_4_71744_480_6624_50240,s_2_18336_29344,s_1_101280,", "recvs": "3_111168_8224_9696,", "client": {"usr": "wfowler", "ip": "192.168.100.2", "ibdev": "mlx5_0", "use_gpu": false, "numa_node": 0, "mr_num": 3, "buf_num": 4, "buf_size": 129088, "send_wq_depth": 879, "recv_wq_depth": 1, "send_batch": 41, "recv_batch": 0}, "server": {"usr": "wfowler", "ip": "192.168.100.1", "ibdev": "mlx5_0", "use_gpu": false, "numa_node": 1, "mr_num": 4, "buf_num": 1, "buf_size": 129088, "send_wq_depth": 1, "recv_wq_depth": 82, "send_batch": 0, "recv_batch": 25}}, {"process_num": 5, "qp_num": 4, "mtu": 3, "qp_type": "RC", "reqs": "r_2_23744_63328,r_4_34944_384_11232_14752,r_4_18848_52768_19136_26208,r_3_928_6496_1920,", "recvs": "4_100480_15072_1376_32,4_110784_3296_2048_832,3_19296_65568_32096,2_92736_24224,", "client": {"usr": "wfowler", "ip": "192.168.100.1", "ibdev": "mlx5_0", "use_gpu": false, "numa_node": 0, "mr_num": 4, "buf_num": 3, "buf_size": 116960, "send_wq_depth": 796, "recv_wq_depth": 1, "send_batch": 54, "recv_batch": 0}, "server": {"usr": "wfowler", "ip": "192.168.100.2", "ibdev": "mlx5_0", "use_gpu": false, "numa_node": 1, "mr_num": 4, "buf_num": 4, "buf_size": 116960, "send_wq_depth": 1, "recv_wq_depth": 29, "send_batch": 0, "recv_batch": 52}}]}


tx_vport_rdma_unicast_bytes:  25.82068
rx_vport_rdma_unicast_bytes:  0.044899999999999995
tx_vport_rdma_unicast_packets:  1393369.0
rx_vport_rdma_unicast_packets:  82869.0
tx_prio3_pause_duration:  0.0
rx_prio3_pause_duration:  0.0

