{"Traffics": [{"process_num": 5, "qp_num": 2, "mtu": 4, "qp_type": "UC", "reqs": "w_3_14880_48832_36672,w_4_80832_2496_8352_12384,w_1_81152,w_2_31744_43904,w_2_128_352,w_1_192,w_1_43616,w_1_65344,", "recvs": "3_10784_45024_48256,3_93408_2720_7936,", "client": {"usr": "wfowler", "ip": "192.168.100.2", "ibdev": "mlx5_0", "use_gpu": true, "numa_node": 0, "mr_num": 1, "buf_num": 1, "buf_size": 104064, "send_wq_depth": 552, "recv_wq_depth": 1, "send_batch": 17, "recv_batch": 0}, "server": {"usr": "wfowler", "ip": "192.168.100.1", "ibdev": "mlx5_0", "use_gpu": true, "numa_node": 1, "mr_num": 4, "buf_num": 2, "buf_size": 104064, "send_wq_depth": 1, "recv_wq_depth": 556, "send_batch": 0, "recv_batch": 52}}, {"process_num": 5, "qp_num": 4, "mtu": 5, "qp_type": "UD", "reqs": "s_3_992_1184_1376,s_4_416_32_128_96,s_1_3872,s_3_64_704_2272,s_3_96_608_512,s_3_800_128_160,s_3_320_128_32,s_4_128_512_96_1568,", "recvs": "2_7168_83712,1_116160,1_10720,", "client": {"usr": "wfowler", "ip": "192.168.100.1", "ibdev": "mlx5_0", "use_gpu": true, "numa_node": 0, "mr_num": 2, "buf_num": 2, "buf_size": 4096, "send_wq_depth": 863, "recv_wq_depth": 1, "send_batch": 57, "recv_batch": 0}, "server": {"usr": "wfowler", "ip": "192.168.100.2", "ibdev": "mlx5_0", "use_gpu": true, "numa_node": 1, "mr_num": 1, "buf_num": 3, "buf_size": 116160, "send_wq_depth": 1, "recv_wq_depth": 292, "send_batch": 0, "recv_batch": 45}}]}


tx_vport_rdma_unicast_bytes:  24.27142
rx_vport_rdma_unicast_bytes:  5.105899999999999
tx_vport_rdma_unicast_packets:  1465064.0
rx_vport_rdma_unicast_packets:  683229.0
tx_prio3_pause_duration:  0.0
rx_prio3_pause_duration:  0.0

latency_samples:  30
latency_min_ns:  12864371.0
latency_avg_ns:  80194227.0
latency_median_ns:  80223452.66666667
latency_p95_ns:  114143182.0
latency_p99_ns:  114143182.0
latency_max_ns:  114143182.0

