{"Traffics": [{"process_num": 6, "qp_num": 4, "mtu": 5, "qp_type": "UC", "reqs": "s_1_53056,s_4_22656_48000_960_2400,s_4_66048_3584_6784_28928,s_1_114048,s_3_27712_22048_53984,s_4_52928_49408_16480_3776,s_2_15104_43840,", "recvs": "3_17184_75680_29728,2_82560_40032,3_40448_14080_68064,3_92000_2208_28384,", "client": {"usr": "wfowler", "ip": "192.168.100.2", "ibdev": "mlx5_0", "use_gpu": true, "numa_node": 0, "mr_num": 1, "buf_num": 3, "buf_size": 122592, "send_wq_depth": 858, "recv_wq_depth": 1, "send_batch": 34, "recv_batch": 0}, "server": {"usr": "wfowler", "ip": "192.168.100.1", "ibdev": "mlx5_0", "use_gpu": true, "numa_node": 1, "mr_num": 1, "buf_num": 4, "buf_size": 122592, "send_wq_depth": 1, "recv_wq_depth": 390, "send_batch": 0, "recv_batch": 38}}, {"process_num": 5, "qp_num": 2, "mtu": 4, "qp_type": "UC", "reqs": "w_2_71136_13952,", "recvs": "1_85088,4_36448_71584_11328_4896,2_70688_14400,", "client": {"usr": "wfowler", "ip": "192.168.100.1", "ibdev": "mlx5_0", "use_gpu": true, "numa_node": 0, "mr_num": 1, "buf_num": 4, "buf_size": 85088, "send_wq_depth": 393, "recv_wq_depth": 1, "send_batch": 15, "recv_batch": 0}, "server": {"usr": "wfowler", "ip": "192.168.100.2", "ibdev": "mlx5_0", "use_gpu": true, "numa_node": 1, "mr_num": 1, "buf_num": 3, "buf_size": 124256, "send_wq_depth": 1, "recv_wq_depth": 268, "send_batch": 0, "recv_batch": 1}}]}


tx_vport_rdma_unicast_bytes:  24.03815
rx_vport_rdma_unicast_bytes:  0.33130000000000004
tx_vport_rdma_unicast_packets:  736127.0
rx_vport_rdma_unicast_packets:  35036.0
tx_prio3_pause_duration:  0.0
rx_prio3_pause_duration:  0.0

latency_samples:  30
latency_min_ns:  116211549.0
latency_avg_ns:  472700536.0
latency_median_ns:  472829419.3333333
latency_p95_ns:  651837061.0
latency_p99_ns:  651837061.0
latency_max_ns:  651837061.0

