{"Traffics": [{"process_num": 6, "qp_num": 4, "mtu": 3, "qp_type": "RC", "reqs": "s_1_32704,s_4_1920_31744_2848_5952,s_4_17920_34912_6240_1024,s_2_18464_48704,s_2_27232_85056,s_3_74112_1184_4960,s_4_32320_1824_6976_5696,", "recvs": "1_112288,2_53856_58432,", "client": {"usr": "wfowler", "ip": "192.168.100.2", "ibdev": "mlx5_0", "use_gpu": true, "numa_node": 1, "mr_num": 2, "buf_num": 3, "buf_size": 112288, "send_wq_depth": 1007, "recv_wq_depth": 1, "send_batch": 29, "recv_batch": 0}, "server": {"usr": "wfowler", "ip": "192.168.100.1", "ibdev": "mlx5_0", "use_gpu": true, "numa_node": 1, "mr_num": 1, "buf_num": 1, "buf_size": 112288, "send_wq_depth": 1, "recv_wq_depth": 554, "send_batch": 0, "recv_batch": 62}}, {"process_num": 4, "qp_num": 1, "mtu": 3, "qp_type": "RC", "reqs": "w_1_4512,w_3_116864_7296_3168,", "recvs": "4_101056_3264_5952_17056,1_127328,1_127328,", "client": {"usr": "wfowler", "ip": "192.168.100.1", "ibdev": "mlx5_0", "use_gpu": true, "numa_node": 0, "mr_num": 2, "buf_num": 4, "buf_size": 127328, "send_wq_depth": 528, "recv_wq_depth": 1, "send_batch": 33, "recv_batch": 0}, "server": {"usr": "wfowler", "ip": "192.168.100.2", "ibdev": "mlx5_0", "use_gpu": true, "numa_node": 0, "mr_num": 4, "buf_num": 2, "buf_size": 127328, "send_wq_depth": 1, "recv_wq_depth": 142, "send_batch": 0, "recv_batch": 15}}]}


tx_vport_rdma_unicast_bytes:  23.89832
rx_vport_rdma_unicast_bytes:  24.62136
tx_vport_rdma_unicast_packets:  2844232.0
rx_vport_rdma_unicast_packets:  2915275.0
tx_prio3_pause_duration:  0.0
rx_prio3_pause_duration:  0.0

latency_samples:  30
latency_min_ns:  50178563.0
latency_avg_ns:  387392942.6666667
latency_median_ns:  387429904.3333333
latency_p95_ns:  556734394.0
latency_p99_ns:  556734394.0
latency_max_ns:  556734394.0

