{"Traffics": [{"process_num": 4, "qp_num": 4, "mtu": 4, "qp_type": "RC", "reqs": "r_4_86496_19872_3680_9248,r_2_98976_27488,r_2_4320_2848,r_2_9216_110336,r_4_19712_45824_12384_3648,r_2_72480_2848,r_2_87072_40416,r_1_114464,", "recvs": "3_11136_6304_110048,1_127488,", "client": {"usr": "wfowler", "ip": "192.168.100.2", "ibdev": "mlx5_0", "use_gpu": true, "numa_node": 0, "mr_num": 1, "buf_num": 3, "buf_size": 127488, "send_wq_depth": 589, "recv_wq_depth": 1, "send_batch": 24, "recv_batch": 0}, "server": {"usr": "wfowler", "ip": "192.168.100.1", "ibdev": "mlx5_0", "use_gpu": true, "numa_node": 0, "mr_num": 4, "buf_num": 3, "buf_size": 127488, "send_wq_depth": 1, "recv_wq_depth": 733, "send_batch": 0, "recv_batch": 55}}, {"process_num": 5, "qp_num": 3, "mtu": 5, "qp_type": "RC", "reqs": "r_4_41920_19584_29248_1632,r_4_3904_37472_544_128,r_2_80896_23456,", "recvs": "1_104352,1_104352,4_90240_25440_320_352,", "client": {"usr": "wfowler", "ip": "192.168.100.2", "ibdev": "mlx5_0", "use_gpu": true, "numa_node": 1, "mr_num": 1, "buf_num": 1, "buf_size": 104352, "send_wq_depth": 889, "recv_wq_depth": 1, "send_batch": 2, "recv_batch": 0}, "server": {"usr": "wfowler", "ip": "192.168.100.2", "ibdev": "mlx5_0", "use_gpu": true, "numa_node": 0, "mr_num": 1, "buf_num": 2, "buf_size": 116352, "send_wq_depth": 1, "recv_wq_depth": 774, "send_batch": 0, "recv_batch": 27}}]}


tx_vport_rdma_unicast_bytes:  0.0
rx_vport_rdma_unicast_bytes:  23.92928
tx_vport_rdma_unicast_packets:  0.0
rx_vport_rdma_unicast_packets:  775758.0
tx_prio3_pause_duration:  0.0
rx_prio3_pause_duration:  0.0

latency_samples:  30
latency_min_ns:  6395470.0
latency_avg_ns:  253878479.66666666
latency_median_ns:  254376283.33333334
latency_p95_ns:  381438028.0
latency_p99_ns:  381438028.0
latency_max_ns:  381438028.0

