{"Traffics": [{"process_num": 6, "qp_num": 3, "mtu": 4, "qp_type": "UD", "reqs": "s_3_96_64_32,s_3_256_64_192,s_1_896,s_1_224,s_4_256_32_448_160,s_4_96_64_128_96,s_4_704_192_576_96,s_1_896,", "recvs": "1_51040,", "client": {"usr": "wfowler", "ip": "192.168.100.2", "ibdev": "mlx5_0", "use_gpu": true, "numa_node": 0, "mr_num": 2, "buf_num": 1, "buf_size": 4096, "send_wq_depth": 708, "recv_wq_depth": 1, "send_batch": 11, "recv_batch": 0}, "server": {"usr": "wfowler", "ip": "192.168.100.1", "ibdev": "mlx5_0", "use_gpu": true, "numa_node": 1, "mr_num": 2, "buf_num": 1, "buf_size": 51040, "send_wq_depth": 1, "recv_wq_depth": 751, "send_batch": 0, "recv_batch": 30}}, {"process_num": 5, "qp_num": 3, "mtu": 3, "qp_type": "UC", "reqs": "s_2_7616_7872,s_2_45664_1664,s_4_1792_64_224_64,s_2_96_33504,s_2_51680_31296,s_4_7136_3648_768_928,s_4_2304_2144_40672_6880,s_1_32256,", "recvs": "3_66464_5376_11136,3_32896_46336_3744,3_51552_1568_68960,2_8576_103136,", "client": {"usr": "wfowler", "ip": "192.168.100.1", "ibdev": "mlx5_0", "use_gpu": true, "numa_node": 0, "mr_num": 1, "buf_num": 3, "buf_size": 82976, "send_wq_depth": 394, "recv_wq_depth": 1, "send_batch": 35, "recv_batch": 0}, "server": {"usr": "wfowler", "ip": "192.168.100.2", "ibdev": "mlx5_0", "use_gpu": true, "numa_node": 0, "mr_num": 2, "buf_num": 2, "buf_size": 122080, "send_wq_depth": 1, "recv_wq_depth": 640, "send_batch": 0, "recv_batch": 53}}]}


tx_vport_rdma_unicast_bytes:  20.65136
rx_vport_rdma_unicast_bytes:  24.23679
tx_vport_rdma_unicast_packets:  3387692.0
rx_vport_rdma_unicast_packets:  2840447.0
tx_prio3_pause_duration:  0.0
rx_prio3_pause_duration:  0.0

latency_samples:  30
latency_min_ns:  20825.0
latency_avg_ns:  24680330.333333332
latency_median_ns:  24727501.333333332
latency_p95_ns:  74198133.0
latency_p99_ns:  74198133.0
latency_max_ns:  74198133.0

