{"Traffics": [{"process_num": 6, "qp_num": 4, "mtu": 5, "qp_type": "RC", "reqs": "w_4_67392_11328_1728_3360,w_3_3808_32192_17664,w_4_37440_75552_8608_4416,w_1_81408,w_2_7616_10720,w_2_82720_38176,w_2_6944_62624,w_4_92992_7328_5504_19808,", "recvs": "1_126016,4_20480_87264_10464_7808,", "client": {"usr": "wfowler", "ip": "192.168.100.2", "ibdev": "mlx5_0", "use_gpu": true, "numa_node": 1, "mr_num": 1, "buf_num": 1, "buf_size": 126016, "send_wq_depth": 739, "recv_wq_depth": 1, "send_batch": 43, "recv_batch": 0}, "server": {"usr": "wfowler", "ip": "192.168.100.1", "ibdev": "mlx5_0", "use_gpu": true, "numa_node": 0, "mr_num": 2, "buf_num": 2, "buf_size": 126016, "send_wq_depth": 1, "recv_wq_depth": 378, "send_batch": 0, "recv_batch": 58}}, {"process_num": 6, "qp_num": 4, "mtu": 3, "qp_type": "RC", "reqs": "w_3_4640_66464_33248,w_2_43968_82688,w_3_41024_24320_47840,w_4_7264_704_2336_10912,w_1_114272,", "recvs": "4_106816_18432_896_512,4_13472_30592_15616_66976,4_119456_1184_2656_3360,3_27104_17952_81600,", "client": {"usr": "wfowler", "ip": "192.168.100.2", "ibdev": "mlx5_0", "use_gpu": true, "numa_node": 1, "mr_num": 3, "buf_num": 4, "buf_size": 126656, "send_wq_depth": 991, "recv_wq_depth": 1, "send_batch": 37, "recv_batch": 0}, "server": {"usr": "wfowler", "ip": "192.168.100.2", "ibdev": "mlx5_0", "use_gpu": true, "numa_node": 1, "mr_num": 1, "buf_num": 3, "buf_size": 126656, "send_wq_depth": 1, "recv_wq_depth": 999, "send_batch": 0, "recv_batch": 61}}]}


tx_vport_rdma_unicast_bytes:  0.0
rx_vport_rdma_unicast_bytes:  24.004360000000002
tx_vport_rdma_unicast_packets:  0.0
rx_vport_rdma_unicast_packets:  2813581.0
tx_prio3_pause_duration:  0.0
rx_prio3_pause_duration:  0.0

latency_samples:  30
latency_min_ns:  2772127.0
latency_avg_ns:  538094043.3333334
latency_median_ns:  538226371.0
latency_p95_ns:  806605860.0
latency_p99_ns:  806605860.0
latency_max_ns:  806605860.0

