{"Traffics": [{"process_num": 6, "qp_num": 4, "mtu": 3, "qp_type": "UC", "reqs": "s_4_30720_5792_960_128,s_2_25184_14592,", "recvs": "2_2208_37568,2_79456_39744,4_65376_19264_9408_832,", "client": {"usr": "wfowler", "ip": "192.168.100.2", "ibdev": "mlx5_0", "use_gpu": true, "numa_node": 0, "mr_num": 1, "buf_num": 3, "buf_size": 39776, "send_wq_depth": 116, "recv_wq_depth": 1, "send_batch": 61, "recv_batch": 0}, "server": {"usr": "wfowler", "ip": "192.168.100.1", "ibdev": "mlx5_0", "use_gpu": true, "numa_node": 1, "mr_num": 3, "buf_num": 3, "buf_size": 119200, "send_wq_depth": 1, "recv_wq_depth": 560, "send_batch": 0, "recv_batch": 22}}, {"process_num": 6, "qp_num": 2, "mtu": 3, "qp_type": "UC", "reqs": "w_3_87648_7712_17120,w_2_73152_16000,w_2_21920_101888,w_3_1472_864_21728,w_3_7264_288_56640,w_1_15552,", "recvs": "2_58464_65344,3_3072_91040_29696,1_123808,3_69440_52704_1664,", "client": {"usr": "wfowler", "ip": "192.168.100.2", "ibdev": "mlx5_0", "use_gpu": true, "numa_node": 0, "mr_num": 2, "buf_num": 3, "buf_size": 123808, "send_wq_depth": 589, "recv_wq_depth": 1, "send_batch": 40, "recv_batch": 0}, "server": {"usr": "wfowler", "ip": "192.168.100.2", "ibdev": "mlx5_0", "use_gpu": true, "numa_node": 0, "mr_num": 3, "buf_num": 4, "buf_size": 123808, "send_wq_depth": 1, "recv_wq_depth": 801, "send_batch": 0, "recv_batch": 25}}]}


tx_vport_rdma_unicast_bytes:  14.862879999999999
rx_vport_rdma_unicast_bytes:  8.18929
tx_vport_rdma_unicast_packets:  1726467.0
rx_vport_rdma_unicast_packets:  948362.0
tx_prio3_pause_duration:  0.0
rx_prio3_pause_duration:  0.0

latency_samples:  30
latency_min_ns:  25757986.0
latency_avg_ns:  38312488.333333336
latency_median_ns:  38157795.0
latency_p95_ns:  56512456.0
latency_p99_ns:  56512456.0
latency_max_ns:  56512456.0

