{"Traffics": [{"process_num": 6, "qp_num": 3, "mtu": 4, "qp_type": "UC", "reqs": "w_2_72128_23392,w_3_12096_896_63232,w_2_2112_4800,w_2_2752_44000,w_3_51040_9600_2816,w_3_1056_448_96,w_4_29952_5376_3328_5312,w_4_29120_41344_19008_14976,", "recvs": "2_124096_1536,", "client": {"usr": "wfowler", "ip": "192.168.100.2", "ibdev": "mlx5_0", "use_gpu": false, "numa_node": 0, "mr_num": 3, "buf_num": 1, "buf_size": 104448, "send_wq_depth": 154, "recv_wq_depth": 1, "send_batch": 46, "recv_batch": 0}, "server": {"usr": "wfowler", "ip": "192.168.100.1", "ibdev": "mlx5_0", "use_gpu": false, "numa_node": 0, "mr_num": 1, "buf_num": 2, "buf_size": 125632, "send_wq_depth": 1, "recv_wq_depth": 593, "send_batch": 0, "recv_batch": 1}}, {"process_num": 4, "qp_num": 4, "mtu": 4, "qp_type": "RC", "reqs": "r_1_7136,r_1_110912,r_3_33056_21088_6528,r_3_25472_3584_1920,r_2_88992_27072,r_1_95136,r_1_104672,", "recvs": "4_85600_13408_11520_5536,2_44512_71552,", "client": {"usr": "wfowler", "ip": "192.168.100.2", "ibdev": "mlx5_0", "use_gpu": false, "numa_node": 0, "mr_num": 1, "buf_num": 4, "buf_size": 116064, "send_wq_depth": 681, "recv_wq_depth": 1, "send_batch": 56, "recv_batch": 0}, "server": {"usr": "wfowler", "ip": "192.168.100.2", "ibdev": "mlx5_0", "use_gpu": false, "numa_node": 1, "mr_num": 2, "buf_num": 4, "buf_size": 116064, "send_wq_depth": 1, "recv_wq_depth": 165, "send_batch": 0, "recv_batch": 34}}]}


tx_vport_rdma_unicast_bytes:  25.76061
rx_vport_rdma_unicast_bytes:  23.389599999999998
tx_vport_rdma_unicast_packets:  1547315.0
rx_vport_rdma_unicast_packets:  1444736.0
tx_prio3_pause_duration:  0.0
rx_prio3_pause_duration:  0.0

