{"Traffics": [{"process_num": 4, "qp_num": 3, "mtu": 3, "qp_type": "RC", "reqs": "w_2_224_24768,w_4_72416_16928_2944_1504,", "recvs": "3_105440_11776_7680,2_50400_43392,3_39040_22208_46944,", "client": {"usr": "wfowler", "ip": "192.168.100.2", "ibdev": "mlx5_0", "use_gpu": true, "numa_node": 0, "mr_num": 4, "buf_num": 2, "buf_size": 93792, "send_wq_depth": 846, "recv_wq_depth": 1, "send_batch": 47, "recv_batch": 0}, "server": {"usr": "wfowler", "ip": "192.168.100.1", "ibdev": "mlx5_0", "use_gpu": true, "numa_node": 1, "mr_num": 2, "buf_num": 2, "buf_size": 124896, "send_wq_depth": 1, "recv_wq_depth": 914, "send_batch": 0, "recv_batch": 45}}, {"process_num": 5, "qp_num": 4, "mtu": 5, "qp_type": "UC", "reqs": "s_2_41952_20832,s_1_11968,s_2_86624_7008,s_3_53440_2848_160,s_1_54944,s_2_16288_17536,s_2_6304_75520,s_3_22048_29056_8704,", "recvs": "2_28800_66272,1_93632,3_50976_14592_28064,3_69280_7264_17088,", "client": {"usr": "wfowler", "ip": "192.168.100.1", "ibdev": "mlx5_0", "use_gpu": true, "numa_node": 1, "mr_num": 1, "buf_num": 3, "buf_size": 93632, "send_wq_depth": 77, "recv_wq_depth": 1, "send_batch": 18, "recv_batch": 0}, "server": {"usr": "wfowler", "ip": "192.168.100.2", "ibdev": "mlx5_0", "use_gpu": true, "numa_node": 0, "mr_num": 2, "buf_num": 4, "buf_size": 95072, "send_wq_depth": 1, "recv_wq_depth": 558, "send_batch": 0, "recv_batch": 2}}]}


tx_vport_rdma_unicast_bytes:  22.98876
rx_vport_rdma_unicast_bytes:  0.16755
tx_vport_rdma_unicast_packets:  2676794.0
rx_vport_rdma_unicast_packets:  90384.0
tx_prio3_pause_duration:  0.0
rx_prio3_pause_duration:  0.0

latency_samples:  30
latency_min_ns:  28962320.0
latency_avg_ns:  162998464.66666666
latency_median_ns:  163041516.66666666
latency_p95_ns:  229939638.0
latency_p99_ns:  229939638.0
latency_max_ns:  229939638.0

