{"Traffics": [{"process_num": 4, "qp_num": 4, "mtu": 4, "qp_type": "UC", "reqs": "s_1_64096,s_2_118336_2784,s_3_44384_10496_11392,s_4_23040_38176_32_19296,s_4_69984_4096_6240_1344,s_4_3840_160_352_256,", "recvs": "3_33312_33920_53888,1_121120,4_45760_60352_10816_4192,", "client": {"usr": "wfowler", "ip": "192.168.100.2", "ibdev": "mlx5_0", "use_gpu": true, "numa_node": 1, "mr_num": 3, "buf_num": 3, "buf_size": 121120, "send_wq_depth": 145, "recv_wq_depth": 1, "send_batch": 39, "recv_batch": 0}, "server": {"usr": "wfowler", "ip": "192.168.100.1", "ibdev": "mlx5_0", "use_gpu": true, "numa_node": 0, "mr_num": 4, "buf_num": 2, "buf_size": 121120, "send_wq_depth": 1, "recv_wq_depth": 472, "send_batch": 0, "recv_batch": 11}}, {"process_num": 5, "qp_num": 4, "mtu": 5, "qp_type": "UC", "reqs": "s_1_44352,s_1_124096,", "recvs": "1_124096,3_60352_46560_17184,", "client": {"usr": "wfowler", "ip": "192.168.100.2", "ibdev": "mlx5_0", "use_gpu": true, "numa_node": 0, "mr_num": 4, "buf_num": 1, "buf_size": 124096, "send_wq_depth": 191, "recv_wq_depth": 1, "send_batch": 5, "recv_batch": 0}, "server": {"usr": "wfowler", "ip": "192.168.100.2", "ibdev": "mlx5_0", "use_gpu": true, "numa_node": 0, "mr_num": 4, "buf_num": 1, "buf_size": 124096, "send_wq_depth": 1, "recv_wq_depth": 21, "send_batch": 0, "recv_batch": 36}}]}


tx_vport_rdma_unicast_bytes:  8.339459999999999
rx_vport_rdma_unicast_bytes:  15.22885
tx_vport_rdma_unicast_packets:  503815.0
rx_vport_rdma_unicast_packets:  467409.0
tx_prio3_pause_duration:  0.0
rx_prio3_pause_duration:  0.0

latency_samples:  30
latency_min_ns:  27697007.0
latency_avg_ns:  125758126.66666667
latency_median_ns:  124806970.66666667
latency_p95_ns:  194180572.0
latency_p99_ns:  194180572.0
latency_max_ns:  194180572.0

