{"Traffics": [{"process_num": 5, "qp_num": 2, "mtu": 4, "qp_type": "UC", "reqs": "w_3_896_36064_63712,w_3_13216_67040_15264,w_1_72352,", "recvs": "4_15360_64576_10624_10112,1_100672,3_11616_7808_81248,3_55648_16320_28704,", "client": {"usr": "wfowler", "ip": "192.168.100.2", "ibdev": "mlx5_0", "use_gpu": true, "numa_node": 1, "mr_num": 3, "buf_num": 4, "buf_size": 100672, "send_wq_depth": 813, "recv_wq_depth": 1, "send_batch": 18, "recv_batch": 0}, "server": {"usr": "wfowler", "ip": "192.168.100.1", "ibdev": "mlx5_0", "use_gpu": true, "numa_node": 0, "mr_num": 4, "buf_num": 1, "buf_size": 100672, "send_wq_depth": 1, "recv_wq_depth": 435, "send_batch": 0, "recv_batch": 13}}, {"process_num": 4, "qp_num": 2, "mtu": 4, "qp_type": "RC", "reqs": "r_4_94976_13824_1120_14208,r_3_5472_5280_11904,r_3_5536_224_320,r_4_25792_3936_9120_2400,r_3_114528_5280_7328,r_2_160_7872,r_3_5120_15680_7680,", "recvs": "2_36704_90432,1_127136,", "client": {"usr": "wfowler", "ip": "192.168.100.2", "ibdev": "mlx5_0", "use_gpu": true, "numa_node": 0, "mr_num": 2, "buf_num": 4, "buf_size": 127136, "send_wq_depth": 439, "recv_wq_depth": 1, "send_batch": 42, "recv_batch": 0}, "server": {"usr": "wfowler", "ip": "192.168.100.2", "ibdev": "mlx5_0", "use_gpu": true, "numa_node": 1, "mr_num": 1, "buf_num": 2, "buf_size": 127136, "send_wq_depth": 1, "recv_wq_depth": 191, "send_batch": 0, "recv_batch": 25}}]}


tx_vport_rdma_unicast_bytes:  13.31799
rx_vport_rdma_unicast_bytes:  10.64546
tx_vport_rdma_unicast_packets:  801328.0
rx_vport_rdma_unicast_packets:  666430.0
tx_prio3_pause_duration:  0.0
rx_prio3_pause_duration:  0.0

latency_samples:  30
latency_min_ns:  27697007.0
latency_avg_ns:  212857501.0
latency_median_ns:  212847992.66666666
latency_p95_ns:  470356102.0
latency_p99_ns:  470356102.0
latency_max_ns:  470356102.0

