{"Traffics": [{"process_num": 6, "qp_num": 3, "mtu": 4, "qp_type": "RC", "reqs": "w_1_90752,w_1_35104,w_1_117664,w_4_59520_5312_768_832,", "recvs": "1_117664,3_84192_2656_30816,4_47840_26016_34080_9728,", "client": {"usr": "wfowler", "ip": "192.168.100.2", "ibdev": "mlx5_0", "use_gpu": true, "numa_node": 1, "mr_num": 1, "buf_num": 1, "buf_size": 117664, "send_wq_depth": 264, "recv_wq_depth": 1, "send_batch": 59, "recv_batch": 0}, "server": {"usr": "wfowler", "ip": "192.168.100.1", "ibdev": "mlx5_0", "use_gpu": true, "numa_node": 0, "mr_num": 3, "buf_num": 3, "buf_size": 117664, "send_wq_depth": 1, "recv_wq_depth": 586, "send_batch": 0, "recv_batch": 11}}, {"process_num": 4, "qp_num": 2, "mtu": 3, "qp_type": "UC", "reqs": "w_4_91168_10816_15168_7936,w_4_14624_256_1856_1184,w_1_10496,w_2_3840_1856,w_2_28992_30816,w_1_12544,w_2_6272_60832,", "recvs": "2_108800_16288,4_32640_13536_41472_37440,3_104768_4544_15776,", "client": {"usr": "wfowler", "ip": "192.168.100.2", "ibdev": "mlx5_0", "use_gpu": true, "numa_node": 1, "mr_num": 1, "buf_num": 3, "buf_size": 125088, "send_wq_depth": 568, "recv_wq_depth": 1, "send_batch": 36, "recv_batch": 0}, "server": {"usr": "wfowler", "ip": "192.168.100.2", "ibdev": "mlx5_0", "use_gpu": true, "numa_node": 0, "mr_num": 4, "buf_num": 2, "buf_size": 125088, "send_wq_depth": 1, "recv_wq_depth": 241, "send_batch": 0, "recv_batch": 42}}]}


tx_vport_rdma_unicast_bytes:  0.0
rx_vport_rdma_unicast_bytes:  23.984849999999998
tx_vport_rdma_unicast_packets:  0.0
rx_vport_rdma_unicast_packets:  2798435.0
tx_prio3_pause_duration:  0.0
rx_prio3_pause_duration:  0.0

latency_samples:  30
latency_min_ns:  67581294.0
latency_avg_ns:  93319387.33333333
latency_median_ns:  93343328.66666667
latency_p95_ns:  144548532.0
latency_p99_ns:  144548532.0
latency_max_ns:  144548532.0

