{"Traffics": [{"process_num": 6, "qp_num": 2, "mtu": 4, "qp_type": "UD", "reqs": "s_3_320_992_32,s_1_1472,s_2_352_1216,s_4_128_32_32_32,s_1_672,s_1_1600,", "recvs": "4_63520_3232_14944_2464,2_66656_46368,1_104480,", "client": {"usr": "wfowler", "ip": "192.168.100.2", "ibdev": "mlx5_0", "use_gpu": true, "numa_node": 1, "mr_num": 4, "buf_num": 2, "buf_size": 4096, "send_wq_depth": 362, "recv_wq_depth": 1, "send_batch": 32, "recv_batch": 0}, "server": {"usr": "wfowler", "ip": "192.168.100.1", "ibdev": "mlx5_0", "use_gpu": true, "numa_node": 1, "mr_num": 2, "buf_num": 1, "buf_size": 113024, "send_wq_depth": 1, "recv_wq_depth": 1008, "send_batch": 0, "recv_batch": 26}}, {"process_num": 6, "qp_num": 1, "mtu": 3, "qp_type": "RC", "reqs": "w_4_96224_2080_768_672,w_4_59648_50816_10784_3264,w_4_48192_6176_2048_20288,w_1_95040,", "recvs": "4_84864_5408_8800_25440,1_124512,4_100832_21792_1824_64,4_896_23904_59360_40352,", "client": {"usr": "wfowler", "ip": "192.168.100.2", "ibdev": "mlx5_0", "use_gpu": true, "numa_node": 0, "mr_num": 4, "buf_num": 3, "buf_size": 124512, "send_wq_depth": 924, "recv_wq_depth": 1, "send_batch": 48, "recv_batch": 0}, "server": {"usr": "wfowler", "ip": "192.168.100.2", "ibdev": "mlx5_0", "use_gpu": true, "numa_node": 0, "mr_num": 1, "buf_num": 3, "buf_size": 124512, "send_wq_depth": 1, "recv_wq_depth": 628, "send_batch": 0, "recv_batch": 9}}]}


tx_vport_rdma_unicast_bytes:  15.88116
rx_vport_rdma_unicast_bytes:  7.11188
tx_vport_rdma_unicast_packets:  1637010.0
rx_vport_rdma_unicast_packets:  833723.0
tx_prio3_pause_duration:  0.0
rx_prio3_pause_duration:  0.0

latency_samples:  30
latency_min_ns:  2549060.0
latency_avg_ns:  14255779.0
latency_median_ns:  14291422.0
latency_p95_ns:  38124958.0
latency_p99_ns:  38124958.0
latency_max_ns:  38124958.0

