{"Traffics": [{"process_num": 6, "qp_num": 2, "mtu": 5, "qp_type": "UC", "reqs": "w_2_5664_78880,w_3_65312_2720_2592,w_1_26336,w_2_7008_5888,w_4_52384_7264_13024_16480,w_4_32512_4192_448_928,", "recvs": "1_89152,1_89152,3_49088_4512_35552,", "client": {"usr": "wfowler", "ip": "192.168.100.2", "ibdev": "mlx5_0", "use_gpu": false, "numa_node": 0, "mr_num": 3, "buf_num": 4, "buf_size": 89152, "send_wq_depth": 368, "recv_wq_depth": 1, "send_batch": 40, "recv_batch": 0}, "server": {"usr": "wfowler", "ip": "192.168.100.1", "ibdev": "mlx5_0", "use_gpu": false, "numa_node": 0, "mr_num": 1, "buf_num": 3, "buf_size": 89152, "send_wq_depth": 1, "recv_wq_depth": 670, "send_batch": 0, "recv_batch": 57}}, {"process_num": 4, "qp_num": 1, "mtu": 3, "qp_type": "RC", "reqs": "s_3_53920_1632_4928,s_3_5728_992_2752,s_2_14272_21024,s_4_20832_36224_2176_6176,s_3_9472_8448_7776,s_3_54464_256_448,s_4_2880_54336_33536_10400,s_2_61760_59552,", "recvs": "2_75776_45536,3_60992_45504_14816,3_104672_19776_3936,1_121312,", "client": {"usr": "wfowler", "ip": "192.168.100.1", "ibdev": "mlx5_0", "use_gpu": false, "numa_node": 1, "mr_num": 4, "buf_num": 2, "buf_size": 121312, "send_wq_depth": 552, "recv_wq_depth": 1, "send_batch": 5, "recv_batch": 0}, "server": {"usr": "wfowler", "ip": "192.168.100.2", "ibdev": "mlx5_0", "use_gpu": false, "numa_node": 0, "mr_num": 1, "buf_num": 2, "buf_size": 128384, "send_wq_depth": 1, "recv_wq_depth": 681, "send_batch": 0, "recv_batch": 19}}]}


tx_vport_rdma_unicast_bytes:  26.08645
rx_vport_rdma_unicast_bytes:  25.77316
tx_vport_rdma_unicast_packets:  904469.0
rx_vport_rdma_unicast_packets:  2991442.0
tx_prio3_pause_duration:  0.0
rx_prio3_pause_duration:  0.0

