{"Traffics": [{"process_num": 5, "qp_num": 4, "mtu": 3, "qp_type": "UC", "reqs": "w_1_29568,w_3_8928_32_64,w_3_79392_26656_11616,w_4_26208_28160_5952_16832,w_3_960_32_32,w_2_672_47936,w_1_35456,w_2_24288_95136,", "recvs": "2_77504_41920,1_119424,4_6592_26688_3680_82464,1_119424,", "client": {"usr": "wfowler", "ip": "192.168.100.2", "ibdev": "mlx5_0", "use_gpu": false, "numa_node": 1, "mr_num": 4, "buf_num": 1, "buf_size": 119424, "send_wq_depth": 904, "recv_wq_depth": 1, "send_batch": 18, "recv_batch": 0}, "server": {"usr": "wfowler", "ip": "192.168.100.1", "ibdev": "mlx5_0", "use_gpu": false, "numa_node": 0, "mr_num": 1, "buf_num": 2, "buf_size": 119424, "send_wq_depth": 1, "recv_wq_depth": 297, "send_batch": 0, "recv_batch": 16}}, {"process_num": 4, "qp_num": 4, "mtu": 4, "qp_type": "UD", "reqs": "s_4_672_352_256_128,s_1_224,s_2_320_192,s_4_768_128_32_224,s_4_480_288_448_224,", "recvs": "4_4928_28928_10560_6432,1_124128,1_83840,3_65888_13536_9088,", "client": {"usr": "wfowler", "ip": "192.168.100.2", "ibdev": "mlx5_0", "use_gpu": false, "numa_node": 0, "mr_num": 3, "buf_num": 3, "buf_size": 4096, "send_wq_depth": 478, "recv_wq_depth": 1, "send_batch": 19, "recv_batch": 0}, "server": {"usr": "wfowler", "ip": "192.168.100.2", "ibdev": "mlx5_0", "use_gpu": false, "numa_node": 1, "mr_num": 2, "buf_num": 1, "buf_size": 124128, "send_wq_depth": 1, "recv_wq_depth": 397, "send_batch": 0, "recv_batch": 7}}]}


tx_vport_rdma_unicast_bytes:  24.75759
rx_vport_rdma_unicast_bytes:  21.325590000000002
tx_vport_rdma_unicast_packets:  2874204.0
rx_vport_rdma_unicast_packets:  2620622.0
tx_prio3_pause_duration:  0.0
rx_prio3_pause_duration:  0.0

