{"Traffics": [{"process_num": 4, "qp_num": 1, "mtu": 5, "qp_type": "UC", "reqs": "w_2_69440_31648,w_1_9472,w_4_50176_25920_24160_11232,w_4_7648_62784_2816_3136,w_3_8288_7392_39296,w_3_98752_480_6912,", "recvs": "4_68544_37632_1408_3904,4_15776_67104_21408_7200,3_33728_48864_28896,", "client": {"usr": "wfowler", "ip": "192.168.100.2", "ibdev": "mlx5_0", "use_gpu": true, "numa_node": 0, "mr_num": 2, "buf_num": 2, "buf_size": 111488, "send_wq_depth": 278, "recv_wq_depth": 1, "send_batch": 23, "recv_batch": 0}, "server": {"usr": "wfowler", "ip": "192.168.100.1", "ibdev": "mlx5_0", "use_gpu": true, "numa_node": 0, "mr_num": 2, "buf_num": 4, "buf_size": 111488, "send_wq_depth": 1, "recv_wq_depth": 923, "send_batch": 0, "recv_batch": 45}}, {"process_num": 4, "qp_num": 3, "mtu": 5, "qp_type": "UC", "reqs": "s_3_5216_65088_448,s_2_50560_5472,", "recvs": "3_37568_27616_5984,4_52384_11328_4992_2048,1_84352,3_91360_192_29440,", "client": {"usr": "wfowler", "ip": "192.168.100.2", "ibdev": "mlx5_0", "use_gpu": true, "numa_node": 0, "mr_num": 3, "buf_num": 2, "buf_size": 70752, "send_wq_depth": 788, "recv_wq_depth": 1, "send_batch": 38, "recv_batch": 0}, "server": {"usr": "wfowler", "ip": "192.168.100.2", "ibdev": "mlx5_0", "use_gpu": true, "numa_node": 1, "mr_num": 2, "buf_num": 1, "buf_size": 120992, "send_wq_depth": 1, "recv_wq_depth": 603, "send_batch": 0, "recv_batch": 43}}]}


tx_vport_rdma_unicast_bytes:  5.9003000000000005
rx_vport_rdma_unicast_bytes:  17.56558
tx_vport_rdma_unicast_packets:  181878.0
rx_vport_rdma_unicast_packets:  545651.0
tx_prio3_pause_duration:  0.0
rx_prio3_pause_duration:  0.0

latency_samples:  30
latency_min_ns:  120419168.0
latency_avg_ns:  208994854.0
latency_median_ns:  209023501.66666666
latency_p95_ns:  277036475.0
latency_p99_ns:  277036475.0
latency_max_ns:  277036475.0

