{"Traffics": [{"process_num": 5, "qp_num": 2, "mtu": 4, "qp_type": "UC", "reqs": "w_4_106496_6688_448_672,w_4_4032_5088_1568_2368,w_3_1312_21088_2400,w_4_51968_33216_16192_4160,w_3_24064_85600_3904,w_4_33088_40160_2592_3712,", "recvs": "2_48224_66080,4_111136_1664_192_1312,4_113216_512_256_320,4_49472_48192_11104_5536,", "client": {"usr": "wfowler", "ip": "192.168.100.2", "ibdev": "mlx5_0", "use_gpu": true, "numa_node": 0, "mr_num": 4, "buf_num": 3, "buf_size": 114304, "send_wq_depth": 58, "recv_wq_depth": 1, "send_batch": 11, "recv_batch": 0}, "server": {"usr": "wfowler", "ip": "192.168.100.1", "ibdev": "mlx5_0", "use_gpu": true, "numa_node": 1, "mr_num": 1, "buf_num": 4, "buf_size": 114304, "send_wq_depth": 1, "recv_wq_depth": 98, "send_batch": 0, "recv_batch": 41}}, {"process_num": 6, "qp_num": 1, "mtu": 3, "qp_type": "UD", "reqs": "s_1_832,s_3_64_32_32,s_3_352_32_64,s_2_224_288,", "recvs": "3_30624_36640_16736,", "client": {"usr": "wfowler", "ip": "192.168.100.2", "ibdev": "mlx5_0", "use_gpu": true, "numa_node": 1, "mr_num": 2, "buf_num": 2, "buf_size": 4096, "send_wq_depth": 342, "recv_wq_depth": 1, "send_batch": 63, "recv_batch": 0}, "server": {"usr": "wfowler", "ip": "192.168.100.2", "ibdev": "mlx5_0", "use_gpu": true, "numa_node": 1, "mr_num": 3, "buf_num": 2, "buf_size": 84000, "send_wq_depth": 1, "recv_wq_depth": 319, "send_batch": 0, "recv_batch": 57}}]}


tx_vport_rdma_unicast_bytes:  20.753400000000003
rx_vport_rdma_unicast_bytes:  3.31464
tx_vport_rdma_unicast_packets:  1247167.0
rx_vport_rdma_unicast_packets:  753328.0
tx_prio3_pause_duration:  0.0
rx_prio3_pause_duration:  0.0

latency_samples:  30
latency_min_ns:  284166.0
latency_avg_ns:  1821859.6666666667
latency_median_ns:  1826649.6666666667
latency_p95_ns:  2587177.0
latency_p99_ns:  2587177.0
latency_max_ns:  2587177.0

