{"Traffics": [{"process_num": 6, "qp_num": 2, "mtu": 3, "qp_type": "RC", "reqs": "w_2_63104_19520,w_2_25152_3104,w_3_56448_1152_40416,", "recvs": "2_20576_77440,1_98016,1_98016,", "client": {"usr": "wfowler", "ip": "192.168.100.2", "ibdev": "mlx5_0", "use_gpu": true, "numa_node": 0, "mr_num": 3, "buf_num": 1, "buf_size": 98016, "send_wq_depth": 544, "recv_wq_depth": 1, "send_batch": 18, "recv_batch": 0}, "server": {"usr": "wfowler", "ip": "192.168.100.1", "ibdev": "mlx5_0", "use_gpu": true, "numa_node": 0, "mr_num": 4, "buf_num": 4, "buf_size": 98016, "send_wq_depth": 1, "recv_wq_depth": 902, "send_batch": 0, "recv_batch": 18}}, {"process_num": 4, "qp_num": 1, "mtu": 4, "qp_type": "UC", "reqs": "s_1_864,s_4_3520_32_32_32,s_1_92512,s_2_98912_22976,s_1_9376,s_4_24576_3712_3584_36064,s_4_39488_18560_4128_992,", "recvs": "3_114336_576_6976,1_121888,4_27840_59712_28160_6176,3_65216_17344_39328,", "client": {"usr": "wfowler", "ip": "192.168.100.2", "ibdev": "mlx5_0", "use_gpu": true, "numa_node": 0, "mr_num": 3, "buf_num": 1, "buf_size": 121888, "send_wq_depth": 278, "recv_wq_depth": 1, "send_batch": 50, "recv_batch": 0}, "server": {"usr": "wfowler", "ip": "192.168.100.2", "ibdev": "mlx5_0", "use_gpu": true, "numa_node": 1, "mr_num": 2, "buf_num": 2, "buf_size": 121888, "send_wq_depth": 1, "recv_wq_depth": 973, "send_batch": 0, "recv_batch": 13}}]}


tx_vport_rdma_unicast_bytes:  14.7565
rx_vport_rdma_unicast_bytes:  9.41982
tx_vport_rdma_unicast_packets:  1712254.0
rx_vport_rdma_unicast_packets:  602294.0
tx_prio3_pause_duration:  0.0
rx_prio3_pause_duration:  0.0

latency_samples:  30
latency_min_ns:  284166.0
latency_avg_ns:  177190557.0
latency_median_ns:  177069595.33333334
latency_p95_ns:  265995035.0
latency_p99_ns:  265995035.0
latency_max_ns:  265995035.0

