{"Traffics": [{"process_num": 5, "qp_num": 4, "mtu": 4, "qp_type": "UD", "reqs": "s_2_448_1056,s_4_64_160_448_288,s_2_1184_256,s_4_64_224_64_32,", "recvs": "3_66112_8800_32064,2_40736_65184,3_52768_2848_15360,", "client": {"usr": "wfowler", "ip": "192.168.100.2", "ibdev": "mlx5_0", "use_gpu": true, "numa_node": 0, "mr_num": 1, "buf_num": 2, "buf_size": 4096, "send_wq_depth": 582, "recv_wq_depth": 1, "send_batch": 22, "recv_batch": 0}, "server": {"usr": "wfowler", "ip": "192.168.100.1", "ibdev": "mlx5_0", "use_gpu": true, "numa_node": 1, "mr_num": 3, "buf_num": 4, "buf_size": 106976, "send_wq_depth": 1, "recv_wq_depth": 710, "send_batch": 0, "recv_batch": 63}}, {"process_num": 6, "qp_num": 1, "mtu": 4, "qp_type": "RC", "reqs": "w_2_68032_16704,w_4_19232_3040_768_11968,w_1_46656,w_4_14464_25600_33888_26560,w_3_17472_3616_4000,", "recvs": "1_100512,2_36192_75776,3_22944_58784_18784,", "client": {"usr": "wfowler", "ip": "192.168.100.1", "ibdev": "mlx5_0", "use_gpu": true, "numa_node": 0, "mr_num": 2, "buf_num": 2, "buf_size": 100512, "send_wq_depth": 470, "recv_wq_depth": 1, "send_batch": 7, "recv_batch": 0}, "server": {"usr": "wfowler", "ip": "192.168.100.2", "ibdev": "mlx5_0", "use_gpu": true, "numa_node": 0, "mr_num": 1, "buf_num": 1, "buf_size": 111968, "send_wq_depth": 1, "recv_wq_depth": 166, "send_batch": 0, "recv_batch": 39}}]}


tx_vport_rdma_unicast_bytes:  20.827419999999996
rx_vport_rdma_unicast_bytes:  0.0
tx_vport_rdma_unicast_packets:  2287721.0
rx_vport_rdma_unicast_packets:  0.0
tx_prio3_pause_duration:  0.0
rx_prio3_pause_duration:  0.0

latency_samples:  30
latency_min_ns:  641595.0
latency_avg_ns:  3704608.3333333335
latency_median_ns:  3707488.3333333335
latency_p95_ns:  5433028.0
latency_p99_ns:  5433028.0
latency_max_ns:  5433028.0

