{"Traffics": [{"process_num": 4, "qp_num": 3, "mtu": 4, "qp_type": "UC", "reqs": "w_3_22528_29280_72576,w_4_14784_288_192_1952,w_3_9696_9728_9248,w_3_43104_12864_43040,w_2_98368_21312,w_1_84448,w_3_17984_26144_4704,w_2_15584_17248,", "recvs": "1_124384,2_40128_84256,2_106912_17472,2_109760_14624,", "client": {"usr": "wfowler", "ip": "192.168.100.2", "ibdev": "mlx5_0", "use_gpu": false, "numa_node": 1, "mr_num": 1, "buf_num": 2, "buf_size": 124384, "send_wq_depth": 162, "recv_wq_depth": 1, "send_batch": 62, "recv_batch": 0}, "server": {"usr": "wfowler", "ip": "192.168.100.1", "ibdev": "mlx5_0", "use_gpu": false, "numa_node": 0, "mr_num": 3, "buf_num": 3, "buf_size": 124384, "send_wq_depth": 1, "recv_wq_depth": 291, "send_batch": 0, "recv_batch": 8}}, {"process_num": 4, "qp_num": 4, "mtu": 5, "qp_type": "UC", "reqs": "w_1_59712,w_1_95840,w_2_3424_14624,w_4_10752_896_22112_64384,w_4_70464_20288_7104_9536,w_2_5376_64672,", "recvs": "3_85376_4352_17664,1_116000,", "client": {"usr": "wfowler", "ip": "192.168.100.1", "ibdev": "mlx5_0", "use_gpu": false, "numa_node": 0, "mr_num": 4, "buf_num": 3, "buf_size": 107392, "send_wq_depth": 584, "recv_wq_depth": 1, "send_batch": 21, "recv_batch": 0}, "server": {"usr": "wfowler", "ip": "192.168.100.2", "ibdev": "mlx5_0", "use_gpu": false, "numa_node": 0, "mr_num": 4, "buf_num": 2, "buf_size": 116000, "send_wq_depth": 1, "recv_wq_depth": 631, "send_batch": 0, "recv_batch": 12}}]}


tx_vport_rdma_unicast_bytes:  25.75528
rx_vport_rdma_unicast_bytes:  25.92454
tx_vport_rdma_unicast_packets:  1550097.0
rx_vport_rdma_unicast_packets:  802531.0
tx_prio3_pause_duration:  0.0
rx_prio3_pause_duration:  0.0

