{"Traffics": [{"process_num": 5, "qp_num": 4, "mtu": 4, "qp_type": "UC", "reqs": "w_1_34432,w_3_1568_13696_6304,w_4_52672_9920_2560_4672,w_3_4416_32_1248,w_3_64768_1472_15968,", "recvs": "1_82208,2_37888_44320,1_95776,2_73568_8640,", "client": {"usr": "wfowler", "ip": "192.168.100.2", "ibdev": "mlx5_0", "use_gpu": true, "numa_node": 0, "mr_num": 2, "buf_num": 4, "buf_size": 82208, "send_wq_depth": 740, "recv_wq_depth": 1, "send_batch": 52, "recv_batch": 0}, "server": {"usr": "wfowler", "ip": "192.168.100.1", "ibdev": "mlx5_0", "use_gpu": true, "numa_node": 1, "mr_num": 1, "buf_num": 3, "buf_size": 95776, "send_wq_depth": 1, "recv_wq_depth": 174, "send_batch": 0, "recv_batch": 22}}, {"process_num": 6, "qp_num": 4, "mtu": 5, "qp_type": "RC", "reqs": "w_4_1344_192_736_1312,w_1_90176,w_4_1504_7904_1152_320,w_2_55712_50976,", "recvs": "4_3168_59840_2592_41088,3_34304_34560_37824,", "client": {"usr": "wfowler", "ip": "192.168.100.2", "ibdev": "mlx5_0", "use_gpu": true, "numa_node": 1, "mr_num": 3, "buf_num": 1, "buf_size": 106688, "send_wq_depth": 500, "recv_wq_depth": 1, "send_batch": 55, "recv_batch": 0}, "server": {"usr": "wfowler", "ip": "192.168.100.2", "ibdev": "mlx5_0", "use_gpu": true, "numa_node": 1, "mr_num": 2, "buf_num": 4, "buf_size": 106688, "send_wq_depth": 1, "recv_wq_depth": 779, "send_batch": 0, "recv_batch": 54}}]}


tx_vport_rdma_unicast_bytes:  11.97772
rx_vport_rdma_unicast_bytes:  11.958549999999999
tx_vport_rdma_unicast_packets:  728150.0
rx_vport_rdma_unicast_packets:  490214.0
tx_prio3_pause_duration:  0.0
rx_prio3_pause_duration:  0.0

latency_samples:  30
latency_min_ns:  94205735.0
latency_avg_ns:  310874162.6666667
latency_median_ns:  313758003.0
latency_p95_ns:  481418426.0
latency_p99_ns:  481418426.0
latency_max_ns:  481418426.0

