{"Traffics": [{"process_num": 6, "qp_num": 2, "mtu": 4, "qp_type": "UC", "reqs": "w_3_65280_23680_1216,w_2_5600_14784,w_3_7584_12224_1536,w_2_2464_52032,w_1_288,w_4_45312_768_224_928,w_2_672_77984,", "recvs": "3_50720_16064_23392,2_84352_5824,4_8096_23072_17984_41024,2_52608_37568,", "client": {"usr": "wfowler", "ip": "192.168.100.2", "ibdev": "mlx5_0", "use_gpu": true, "numa_node": 0, "mr_num": 2, "buf_num": 4, "buf_size": 90176, "send_wq_depth": 537, "recv_wq_depth": 1, "send_batch": 23, "recv_batch": 0}, "server": {"usr": "wfowler", "ip": "192.168.100.1", "ibdev": "mlx5_0", "use_gpu": true, "numa_node": 0, "mr_num": 4, "buf_num": 2, "buf_size": 90176, "send_wq_depth": 1, "recv_wq_depth": 56, "send_batch": 0, "recv_batch": 44}}, {"process_num": 5, "qp_num": 1, "mtu": 3, "qp_type": "UD", "reqs": "s_4_320_64_32_32,s_4_32_96_32_32,s_1_352,s_2_192_704,s_1_384,s_1_704,", "recvs": "1_112928,4_103488_21888_192_416,", "client": {"usr": "wfowler", "ip": "192.168.100.1", "ibdev": "mlx5_0", "use_gpu": true, "numa_node": 0, "mr_num": 1, "buf_num": 2, "buf_size": 4096, "send_wq_depth": 925, "recv_wq_depth": 1, "send_batch": 10, "recv_batch": 0}, "server": {"usr": "wfowler", "ip": "192.168.100.2", "ibdev": "mlx5_0", "use_gpu": true, "numa_node": 0, "mr_num": 2, "buf_num": 3, "buf_size": 125984, "send_wq_depth": 1, "recv_wq_depth": 529, "send_batch": 0, "recv_batch": 18}}]}


tx_vport_rdma_unicast_bytes:  22.591330000000003
rx_vport_rdma_unicast_bytes:  8.61729
tx_vport_rdma_unicast_packets:  1377760.0
rx_vport_rdma_unicast_packets:  1886332.0
tx_prio3_pause_duration:  0.0
rx_prio3_pause_duration:  0.0

latency_samples:  20
latency_min_ns:  88391340.0
latency_avg_ns:  88872003.5
latency_median_ns:  88869174.0
latency_p95_ns:  89313947.0
latency_p99_ns:  89313947.0
latency_max_ns:  89313947.0

