{"Traffics": [{"process_num": 5, "qp_num": 1, "mtu": 4, "qp_type": "RC", "reqs": "w_2_74624_51584,w_3_5632_928_4448,w_2_19808_22048,w_3_45408_3904_4480,w_4_25440_17568_11904_18144,w_3_7200_17760_1792,w_2_3520_4704,w_3_23200_81536_19168,", "recvs": "4_123168_480_2304_256,", "client": {"usr": "wfowler", "ip": "192.168.100.2", "ibdev": "mlx5_0", "use_gpu": true, "numa_node": 1, "mr_num": 4, "buf_num": 2, "buf_size": 126208, "send_wq_depth": 124, "recv_wq_depth": 1, "send_batch": 46, "recv_batch": 0}, "server": {"usr": "wfowler", "ip": "192.168.100.1", "ibdev": "mlx5_0", "use_gpu": true, "numa_node": 1, "mr_num": 2, "buf_num": 2, "buf_size": 126208, "send_wq_depth": 1, "recv_wq_depth": 210, "send_batch": 0, "recv_batch": 6}}, {"process_num": 6, "qp_num": 1, "mtu": 5, "qp_type": "UD", "reqs": "s_2_704_864,s_2_320_416,s_3_1792_32_64,s_3_448_1536_2112,s_1_3872,s_3_128_128_64,", "recvs": "4_47904_14784_1472_2528,1_105120,", "client": {"usr": "wfowler", "ip": "192.168.100.1", "ibdev": "mlx5_0", "use_gpu": true, "numa_node": 1, "mr_num": 2, "buf_num": 3, "buf_size": 4096, "send_wq_depth": 157, "recv_wq_depth": 1, "send_batch": 34, "recv_batch": 0}, "server": {"usr": "wfowler", "ip": "192.168.100.2", "ibdev": "mlx5_0", "use_gpu": true, "numa_node": 0, "mr_num": 1, "buf_num": 1, "buf_size": 105120, "send_wq_depth": 1, "recv_wq_depth": 489, "send_batch": 0, "recv_batch": 52}}]}


tx_vport_rdma_unicast_bytes:  0.0
rx_vport_rdma_unicast_bytes:  2.17258
tx_vport_rdma_unicast_packets:  0.0
rx_vport_rdma_unicast_packets:  454136.0
tx_prio3_pause_duration:  0.0
rx_prio3_pause_duration:  0.0

latency_samples:  30
latency_min_ns:  581148.0
latency_avg_ns:  71347149.33333333
latency_median_ns:  71421142.33333333
latency_p95_ns:  107132040.0
latency_p99_ns:  107132040.0
latency_max_ns:  107132040.0

