{"Traffics": [{"process_num": 4, "qp_num": 2, "mtu": 4, "qp_type": "UC", "reqs": "s_2_7968_13408,s_1_20320,s_1_83232,s_3_22912_14592_8928,s_4_14144_5120_64_6816,s_4_11936_31008_9376_15040,s_4_56128_6592_1696_22560,s_1_104192,", "recvs": "2_24288_79904,1_130304,", "client": {"usr": "wfowler", "ip": "192.168.100.2", "ibdev": "mlx5_0", "use_gpu": true, "numa_node": 1, "mr_num": 4, "buf_num": 4, "buf_size": 104192, "send_wq_depth": 510, "recv_wq_depth": 1, "send_batch": 26, "recv_batch": 0}, "server": {"usr": "wfowler", "ip": "192.168.100.1", "ibdev": "mlx5_0", "use_gpu": true, "numa_node": 0, "mr_num": 4, "buf_num": 1, "buf_size": 130304, "send_wq_depth": 1, "recv_wq_depth": 517, "send_batch": 0, "recv_batch": 4}}, {"process_num": 6, "qp_num": 1, "mtu": 5, "qp_type": "UC", "reqs": "w_2_103552_11488,w_3_108640_11264_2944,w_3_51872_15808_14784,w_1_118464,w_3_9664_35200_23936,", "recvs": "3_5952_27168_89728,3_32128_73696_17024,", "client": {"usr": "wfowler", "ip": "192.168.100.1", "ibdev": "mlx5_0", "use_gpu": true, "numa_node": 1, "mr_num": 3, "buf_num": 2, "buf_size": 122848, "send_wq_depth": 957, "recv_wq_depth": 1, "send_batch": 28, "recv_batch": 0}, "server": {"usr": "wfowler", "ip": "192.168.100.2", "ibdev": "mlx5_0", "use_gpu": true, "numa_node": 0, "mr_num": 3, "buf_num": 3, "buf_size": 122848, "send_wq_depth": 1, "recv_wq_depth": 743, "send_batch": 0, "recv_batch": 57}}]}


tx_vport_rdma_unicast_bytes:  24.362830000000002
rx_vport_rdma_unicast_bytes:  0.047689999999999996
tx_vport_rdma_unicast_packets:  1460735.0
rx_vport_rdma_unicast_packets:  11689.0
tx_prio3_pause_duration:  0.0
rx_prio3_pause_duration:  0.0

latency_samples:  30
latency_min_ns:  76874057.0
latency_avg_ns:  121145061.66666667
latency_median_ns:  122158588.33333333
latency_p95_ns:  204879750.0
latency_p99_ns:  204879750.0
latency_max_ns:  204879750.0

