{"Traffics": [{"process_num": 6, "qp_num": 4, "mtu": 4, "qp_type": "UD", "reqs": "s_4_992_288_32_32,s_1_1184,s_4_640_128_64_64,s_2_384_576,s_2_32_480,", "recvs": "3_117568_8896_2976,2_3168_101536,3_59104_24256_5696,4_17280_29952_66240_12768,", "client": {"usr": "wfowler", "ip": "192.168.100.2", "ibdev": "mlx5_0", "use_gpu": true, "numa_node": 0, "mr_num": 4, "buf_num": 2, "buf_size": 4096, "send_wq_depth": 747, "recv_wq_depth": 1, "send_batch": 56, "recv_batch": 0}, "server": {"usr": "wfowler", "ip": "192.168.100.1", "ibdev": "mlx5_0", "use_gpu": true, "numa_node": 0, "mr_num": 1, "buf_num": 4, "buf_size": 129440, "send_wq_depth": 1, "recv_wq_depth": 969, "send_batch": 0, "recv_batch": 35}}, {"process_num": 4, "qp_num": 3, "mtu": 3, "qp_type": "UC", "reqs": "w_3_6176_44512_28064,w_2_66528_26368,w_1_68384,w_3_17952_5152_21504,w_1_87424,w_2_52064_58944,", "recvs": "1_111008,1_111008,3_37600_44704_28704,", "client": {"usr": "wfowler", "ip": "192.168.100.2", "ibdev": "mlx5_0", "use_gpu": true, "numa_node": 1, "mr_num": 4, "buf_num": 2, "buf_size": 111008, "send_wq_depth": 517, "recv_wq_depth": 1, "send_batch": 26, "recv_batch": 0}, "server": {"usr": "wfowler", "ip": "192.168.100.2", "ibdev": "mlx5_0", "use_gpu": true, "numa_node": 1, "mr_num": 2, "buf_num": 2, "buf_size": 111008, "send_wq_depth": 1, "recv_wq_depth": 487, "send_batch": 0, "recv_batch": 3}}]}


tx_vport_rdma_unicast_bytes:  15.602780000000001
rx_vport_rdma_unicast_bytes:  7.326479999999999
tx_vport_rdma_unicast_packets:  1866003.0
rx_vport_rdma_unicast_packets:  846920.0
tx_prio3_pause_duration:  0.0
rx_prio3_pause_duration:  0.0

latency_samples:  20
latency_min_ns:  888769.0
latency_avg_ns:  4714896.0
latency_median_ns:  4494585.5
latency_p95_ns:  10044304.0
latency_p99_ns:  10044304.0
latency_max_ns:  10044304.0

