{"Traffics": [{"process_num": 6, "qp_num": 2, "mtu": 3, "qp_type": "RC", "reqs": "r_3_94144_21248_9216,r_3_38496_34368_26272,r_2_90368_1408,r_1_74720,r_3_81888_1792_4320,r_2_11712_70784,", "recvs": "3_11648_25152_87808,2_92448_32160,3_16320_94432_13856,", "client": {"usr": "wfowler", "ip": "192.168.100.2", "ibdev": "mlx5_0", "use_gpu": true, "numa_node": 0, "mr_num": 2, "buf_num": 4, "buf_size": 124608, "send_wq_depth": 1009, "recv_wq_depth": 1, "send_batch": 28, "recv_batch": 0}, "server": {"usr": "wfowler", "ip": "192.168.100.1", "ibdev": "mlx5_0", "use_gpu": true, "numa_node": 0, "mr_num": 2, "buf_num": 2, "buf_size": 124608, "send_wq_depth": 1, "recv_wq_depth": 609, "send_batch": 0, "recv_batch": 55}}, {"process_num": 4, "qp_num": 2, "mtu": 5, "qp_type": "RC", "reqs": "w_1_22080,w_2_5728_576,w_2_87776_4704,w_1_12224,w_1_62400,w_1_122400,w_4_39552_10080_1088_96,", "recvs": "1_122400,4_44640_1312_70944_5504,3_101184_10304_10912,1_122400,", "client": {"usr": "wfowler", "ip": "192.168.100.1", "ibdev": "mlx5_0", "use_gpu": true, "numa_node": 1, "mr_num": 4, "buf_num": 3, "buf_size": 122400, "send_wq_depth": 712, "recv_wq_depth": 1, "send_batch": 22, "recv_batch": 0}, "server": {"usr": "wfowler", "ip": "192.168.100.2", "ibdev": "mlx5_0", "use_gpu": true, "numa_node": 0, "mr_num": 2, "buf_num": 2, "buf_size": 122400, "send_wq_depth": 1, "recv_wq_depth": 84, "send_batch": 0, "recv_batch": 63}}]}


tx_vport_rdma_unicast_bytes:  0.018940000000000002
rx_vport_rdma_unicast_bytes:  25.38755
tx_vport_rdma_unicast_packets:  32009.0
rx_vport_rdma_unicast_packets:  2928978.0
tx_prio3_pause_duration:  0.0
rx_prio3_pause_duration:  0.0

latency_samples:  30
latency_min_ns:  64281944.0
latency_avg_ns:  287166234.3333333
latency_median_ns:  287160294.6666667
latency_p95_ns:  398606999.0
latency_p99_ns:  398606999.0
latency_max_ns:  398606999.0

