{"Traffics": [{"process_num": 5, "qp_num": 4, "mtu": 3, "qp_type": "UC", "reqs": "w_1_81024,w_2_224_3008,w_3_11552_31584_32608,w_4_896_59072_10176_9376,", "recvs": "4_16384_57472_5888_1280,4_21344_34464_13728_11488,1_81024,3_75264_480_5280,", "client": {"usr": "wfowler", "ip": "192.168.100.2", "ibdev": "mlx5_0", "use_gpu": false, "numa_node": 1, "mr_num": 4, "buf_num": 3, "buf_size": 81024, "send_wq_depth": 115, "recv_wq_depth": 1, "send_batch": 12, "recv_batch": 0}, "server": {"usr": "wfowler", "ip": "192.168.100.1", "ibdev": "mlx5_0", "use_gpu": false, "numa_node": 1, "mr_num": 2, "buf_num": 2, "buf_size": 81024, "send_wq_depth": 1, "recv_wq_depth": 344, "send_batch": 0, "recv_batch": 46}}, {"process_num": 5, "qp_num": 3, "mtu": 5, "qp_type": "RC", "reqs": "r_2_92672_160,r_3_6976_4128_24608,r_4_2592_8448_24416_6208,r_3_17568_23104_14304,r_4_544_1088_128_128,r_4_2592_96_160_32,r_2_14688_26848,", "recvs": "3_82624_7840_2368,3_92256_32_544,", "client": {"usr": "wfowler", "ip": "192.168.100.2", "ibdev": "mlx5_0", "use_gpu": false, "numa_node": 1, "mr_num": 1, "buf_num": 1, "buf_size": 92832, "send_wq_depth": 113, "recv_wq_depth": 1, "send_batch": 48, "recv_batch": 0}, "server": {"usr": "wfowler", "ip": "192.168.100.2", "ibdev": "mlx5_0", "use_gpu": false, "numa_node": 1, "mr_num": 4, "buf_num": 4, "buf_size": 92832, "send_wq_depth": 1, "recv_wq_depth": 1019, "send_batch": 0, "recv_batch": 35}}]}


tx_vport_rdma_unicast_bytes:  19.08475
rx_vport_rdma_unicast_bytes:  37.77643
tx_vport_rdma_unicast_packets:  2222909.0
rx_vport_rdma_unicast_packets:  1315369.0
tx_prio3_pause_duration:  0.0
rx_prio3_pause_duration:  0.0

