{"Traffics": [{"process_num": 4, "qp_num": 4, "mtu": 3, "qp_type": "RC", "reqs": "r_1_1856,r_4_83840_37472_864_1088,r_4_2912_44544_1088_11040,r_1_16832,r_1_19360,", "recvs": "2_75264_48000,", "client": {"usr": "wfowler", "ip": "192.168.100.2", "ibdev": "mlx5_0", "use_gpu": false, "numa_node": 0, "mr_num": 1, "buf_num": 3, "buf_size": 123264, "send_wq_depth": 502, "recv_wq_depth": 1, "send_batch": 17, "recv_batch": 0}, "server": {"usr": "wfowler", "ip": "192.168.100.1", "ibdev": "mlx5_0", "use_gpu": false, "numa_node": 1, "mr_num": 3, "buf_num": 2, "buf_size": 123264, "send_wq_depth": 1, "recv_wq_depth": 520, "send_batch": 0, "recv_batch": 27}}, {"process_num": 4, "qp_num": 1, "mtu": 5, "qp_type": "UC", "reqs": "s_2_36032_67520,s_1_21440,s_3_192_832_3328,s_4_1280_72032_3808_15136,s_1_102688,s_2_31968_64672,s_1_83680,s_1_87968,", "recvs": "3_99808_2080_22272,4_83616_2176_3552_14208,4_16128_30688_53344_3392,3_97120_18528_11424,", "client": {"usr": "wfowler", "ip": "192.168.100.1", "ibdev": "mlx5_0", "use_gpu": false, "numa_node": 1, "mr_num": 4, "buf_num": 4, "buf_size": 103552, "send_wq_depth": 45, "recv_wq_depth": 1, "send_batch": 2, "recv_batch": 0}, "server": {"usr": "wfowler", "ip": "192.168.100.2", "ibdev": "mlx5_0", "use_gpu": false, "numa_node": 0, "mr_num": 1, "buf_num": 1, "buf_size": 127072, "send_wq_depth": 1, "recv_wq_depth": 290, "send_batch": 0, "recv_batch": 19}}]}


tx_vport_rdma_unicast_bytes:  0.020989999999999998
rx_vport_rdma_unicast_bytes:  25.71199
tx_vport_rdma_unicast_packets:  35470.0
rx_vport_rdma_unicast_packets:  1932800.0
tx_prio3_pause_duration:  0.0
rx_prio3_pause_duration:  0.0

