{"Traffics": [{"process_num": 6, "qp_num": 4, "mtu": 4, "qp_type": "UC", "reqs": "s_3_91264_7200_25376,", "recvs": "3_66720_44224_12896,3_4640_35200_84000,1_123840,", "client": {"usr": "wfowler", "ip": "192.168.100.2", "ibdev": "mlx5_0", "use_gpu": true, "numa_node": 1, "mr_num": 2, "buf_num": 4, "buf_size": 123840, "send_wq_depth": 449, "recv_wq_depth": 1, "send_batch": 60, "recv_batch": 0}, "server": {"usr": "wfowler", "ip": "192.168.100.1", "ibdev": "mlx5_0", "use_gpu": true, "numa_node": 1, "mr_num": 4, "buf_num": 1, "buf_size": 123840, "send_wq_depth": 1, "recv_wq_depth": 593, "send_batch": 0, "recv_batch": 28}}, {"process_num": 4, "qp_num": 3, "mtu": 3, "qp_type": "RC", "reqs": "w_1_31232,w_4_17024_5120_7712_2944,w_3_8032_15296_27584,w_4_19136_37120_2752_1088,w_2_100160_29568,w_1_55840,", "recvs": "1_129728,4_89728_10560_16224_13216,", "client": {"usr": "wfowler", "ip": "192.168.100.1", "ibdev": "mlx5_0", "use_gpu": true, "numa_node": 0, "mr_num": 4, "buf_num": 4, "buf_size": 129728, "send_wq_depth": 1006, "recv_wq_depth": 1, "send_batch": 9, "recv_batch": 0}, "server": {"usr": "wfowler", "ip": "192.168.100.2", "ibdev": "mlx5_0", "use_gpu": true, "numa_node": 1, "mr_num": 2, "buf_num": 2, "buf_size": 129728, "send_wq_depth": 1, "recv_wq_depth": 267, "send_batch": 0, "recv_batch": 37}}]}


tx_vport_rdma_unicast_bytes:  23.901259999999997
rx_vport_rdma_unicast_bytes:  25.34217
tx_vport_rdma_unicast_packets:  1516110.0
rx_vport_rdma_unicast_packets:  2938381.0
tx_prio3_pause_duration:  0.0
rx_prio3_pause_duration:  0.0

latency_samples:  30
latency_min_ns:  251692965.0
latency_avg_ns:  388233770.3333333
latency_median_ns:  388496909.3333333
latency_p95_ns:  455404734.0
latency_p99_ns:  455404734.0
latency_max_ns:  455404734.0

