{"Traffics": [{"process_num": 6, "qp_num": 1, "mtu": 5, "qp_type": "UC", "reqs": "w_4_88384_15424_17792_3008,w_3_47424_17696_34656,w_3_5984_6016_72704,w_3_71424_4864_480,", "recvs": "3_117472_4192_2944,4_5600_102496_2304_14208,1_124608,2_49120_75488,", "client": {"usr": "wfowler", "ip": "192.168.100.2", "ibdev": "mlx5_0", "use_gpu": true, "numa_node": 0, "mr_num": 4, "buf_num": 2, "buf_size": 124608, "send_wq_depth": 202, "recv_wq_depth": 1, "send_batch": 54, "recv_batch": 0}, "server": {"usr": "wfowler", "ip": "192.168.100.1", "ibdev": "mlx5_0", "use_gpu": true, "numa_node": 0, "mr_num": 2, "buf_num": 1, "buf_size": 124608, "send_wq_depth": 1, "recv_wq_depth": 904, "send_batch": 0, "recv_batch": 57}}, {"process_num": 6, "qp_num": 1, "mtu": 5, "qp_type": "RC", "reqs": "w_3_10272_21376_14528,", "recvs": "1_46176,4_68928_960_800_224,2_25408_75424,3_1088_38496_6592,", "client": {"usr": "wfowler", "ip": "192.168.100.2", "ibdev": "mlx5_0", "use_gpu": true, "numa_node": 1, "mr_num": 4, "buf_num": 3, "buf_size": 46176, "send_wq_depth": 218, "recv_wq_depth": 1, "send_batch": 39, "recv_batch": 0}, "server": {"usr": "wfowler", "ip": "192.168.100.2", "ibdev": "mlx5_0", "use_gpu": true, "numa_node": 1, "mr_num": 3, "buf_num": 1, "buf_size": 100832, "send_wq_depth": 1, "recv_wq_depth": 356, "send_batch": 0, "recv_batch": 35}}]}


tx_vport_rdma_unicast_bytes:  12.15718
rx_vport_rdma_unicast_bytes:  11.679889999999999
tx_vport_rdma_unicast_packets:  372646.0
rx_vport_rdma_unicast_packets:  411454.0
tx_prio3_pause_duration:  0.0
rx_prio3_pause_duration:  0.0

latency_samples:  30
latency_min_ns:  39390803.0
latency_avg_ns:  119902054.0
latency_median_ns:  120008402.33333333
latency_p95_ns:  256900549.0
latency_p99_ns:  256900549.0
latency_max_ns:  256900549.0

