{"Traffics": [{"process_num": 4, "qp_num": 4, "mtu": 5, "qp_type": "RC", "reqs": "w_1_27488,w_4_61600_10336_38240_4800,w_4_12928_40960_1824_26944,w_4_32_928_128_800,", "recvs": "3_41472_23168_50336,1_114976,1_114976,3_51456_48128_15392,", "client": {"usr": "wfowler", "ip": "192.168.100.2", "ibdev": "mlx5_0", "use_gpu": true, "numa_node": 1, "mr_num": 4, "buf_num": 2, "buf_size": 114976, "send_wq_depth": 610, "recv_wq_depth": 1, "send_batch": 29, "recv_batch": 0}, "server": {"usr": "wfowler", "ip": "192.168.100.1", "ibdev": "mlx5_0", "use_gpu": true, "numa_node": 1, "mr_num": 4, "buf_num": 1, "buf_size": 114976, "send_wq_depth": 1, "recv_wq_depth": 377, "send_batch": 0, "recv_batch": 19}}, {"process_num": 5, "qp_num": 4, "mtu": 5, "qp_type": "UC", "reqs": "w_1_27520,w_2_11424_86432,w_4_74528_37280_3104_1920,w_1_85632,w_4_56608_96_10176_17632,", "recvs": "3_5536_101216_10080,1_116832,2_51904_64928,", "client": {"usr": "wfowler", "ip": "192.168.100.1", "ibdev": "mlx5_0", "use_gpu": true, "numa_node": 0, "mr_num": 1, "buf_num": 2, "buf_size": 116832, "send_wq_depth": 931, "recv_wq_depth": 1, "send_batch": 19, "recv_batch": 0}, "server": {"usr": "wfowler", "ip": "192.168.100.2", "ibdev": "mlx5_0", "use_gpu": true, "numa_node": 1, "mr_num": 2, "buf_num": 4, "buf_size": 116832, "send_wq_depth": 1, "recv_wq_depth": 636, "send_batch": 0, "recv_batch": 3}}]}


tx_vport_rdma_unicast_bytes:  0.0
rx_vport_rdma_unicast_bytes:  0.0
tx_vport_rdma_unicast_packets:  0.0
rx_vport_rdma_unicast_packets:  0.0
tx_prio3_pause_duration:  0.0
rx_prio3_pause_duration:  0.0

latency_samples:  30
latency_min_ns:  39381845.0
latency_avg_ns:  208138820.33333334
latency_median_ns:  208128664.33333334
latency_p95_ns:  545896256.0
latency_p99_ns:  545896256.0
latency_max_ns:  545896256.0

