{"Traffics": [{"process_num": 5, "qp_num": 4, "mtu": 5, "qp_type": "UC", "reqs": "s_4_28672_8864_7200_12032,s_3_33760_384_1760,", "recvs": "3_11168_62464_51168,4_29376_55072_4928_7488,4_35264_10144_21120_6560,3_32960_30848_21632,", "client": {"usr": "wfowler", "ip": "192.168.100.2", "ibdev": "mlx5_0", "use_gpu": true, "numa_node": 0, "mr_num": 1, "buf_num": 4, "buf_size": 56768, "send_wq_depth": 470, "recv_wq_depth": 1, "send_batch": 4, "recv_batch": 0}, "server": {"usr": "wfowler", "ip": "192.168.100.1", "ibdev": "mlx5_0", "use_gpu": true, "numa_node": 1, "mr_num": 4, "buf_num": 4, "buf_size": 124800, "send_wq_depth": 1, "recv_wq_depth": 612, "send_batch": 0, "recv_batch": 46}}, {"process_num": 5, "qp_num": 2, "mtu": 3, "qp_type": "UC", "reqs": "w_1_42048,w_3_38976_14496_11776,w_4_8928_6560_512_2496,", "recvs": "3_15712_33344_16192,2_44960_20288,", "client": {"usr": "wfowler", "ip": "192.168.100.2", "ibdev": "mlx5_0", "use_gpu": true, "numa_node": 1, "mr_num": 2, "buf_num": 3, "buf_size": 65248, "send_wq_depth": 206, "recv_wq_depth": 1, "send_batch": 3, "recv_batch": 0}, "server": {"usr": "wfowler", "ip": "192.168.100.2", "ibdev": "mlx5_0", "use_gpu": true, "numa_node": 0, "mr_num": 1, "buf_num": 4, "buf_size": 65248, "send_wq_depth": 1, "recv_wq_depth": 1018, "send_batch": 0, "recv_batch": 2}}]}


tx_vport_rdma_unicast_bytes:  20.76634
rx_vport_rdma_unicast_bytes:  2.9079099999999998
tx_vport_rdma_unicast_packets:  635100.0
rx_vport_rdma_unicast_packets:  340116.0
tx_prio3_pause_duration:  0.0
rx_prio3_pause_duration:  0.0

latency_samples:  30
latency_min_ns:  173839514.0
latency_avg_ns:  325353642.6666667
latency_median_ns:  325361284.6666667
latency_p95_ns:  546039168.0
latency_p99_ns:  546039168.0
latency_max_ns:  546039168.0

