{"Traffics": [{"process_num": 5, "qp_num": 4, "mtu": 4, "qp_type": "RC", "reqs": "r_3_4384_33120_34112,r_1_26496,r_3_8064_43456_31168,r_2_44000_23840,r_2_77280_32160,r_3_6976_1312_3136,r_4_28544_30752_17152_5824,", "recvs": "3_39008_50464_19968,2_33632_76000,4_91712_3264_4032_10432,", "client": {"usr": "wfowler", "ip": "192.168.100.2", "ibdev": "mlx5_0", "use_gpu": true, "numa_node": 1, "mr_num": 4, "buf_num": 2, "buf_size": 109440, "send_wq_depth": 710, "recv_wq_depth": 1, "send_batch": 43, "recv_batch": 0}, "server": {"usr": "wfowler", "ip": "192.168.100.1", "ibdev": "mlx5_0", "use_gpu": true, "numa_node": 0, "mr_num": 1, "buf_num": 4, "buf_size": 109632, "send_wq_depth": 1, "recv_wq_depth": 197, "send_batch": 0, "recv_batch": 18}}, {"process_num": 4, "qp_num": 1, "mtu": 3, "qp_type": "RC", "reqs": "w_4_72992_160_32_64,w_4_13440_19712_5920_1408,w_1_46592,w_1_107712,", "recvs": "2_47968_59744,", "client": {"usr": "wfowler", "ip": "192.168.100.2", "ibdev": "mlx5_0", "use_gpu": true, "numa_node": 1, "mr_num": 1, "buf_num": 2, "buf_size": 107712, "send_wq_depth": 847, "recv_wq_depth": 1, "send_batch": 35, "recv_batch": 0}, "server": {"usr": "wfowler", "ip": "192.168.100.2", "ibdev": "mlx5_0", "use_gpu": true, "numa_node": 0, "mr_num": 3, "buf_num": 4, "buf_size": 107712, "send_wq_depth": 1, "recv_wq_depth": 1001, "send_batch": 0, "recv_batch": 7}}]}


tx_vport_rdma_unicast_bytes:  0.0
rx_vport_rdma_unicast_bytes:  24.74094
tx_vport_rdma_unicast_packets:  0.0
rx_vport_rdma_unicast_packets:  2927139.0
tx_prio3_pause_duration:  0.0
rx_prio3_pause_duration:  0.0

latency_samples:  30
latency_min_ns:  81137140.0
latency_avg_ns:  235971592.66666666
latency_median_ns:  235963822.66666666
latency_p95_ns:  546039168.0
latency_p99_ns:  546039168.0
latency_max_ns:  546039168.0

