{"Traffics": [{"process_num": 5, "qp_num": 2, "mtu": 4, "qp_type": "UD", "reqs": "s_3_160_64_128,s_2_416_928,s_4_1760_96_32_96,s_1_768,s_3_32_64_192,s_3_416_640_96,s_2_1056_192,", "recvs": "4_8736_41024_2112_256,3_52224_9632_7328,", "client": {"usr": "wfowler", "ip": "192.168.100.2", "ibdev": "mlx5_0", "use_gpu": true, "numa_node": 0, "mr_num": 2, "buf_num": 3, "buf_size": 4096, "send_wq_depth": 691, "recv_wq_depth": 1, "send_batch": 57, "recv_batch": 0}, "server": {"usr": "wfowler", "ip": "192.168.100.1", "ibdev": "mlx5_0", "use_gpu": true, "numa_node": 0, "mr_num": 3, "buf_num": 2, "buf_size": 69184, "send_wq_depth": 1, "recv_wq_depth": 310, "send_batch": 0, "recv_batch": 36}}, {"process_num": 6, "qp_num": 2, "mtu": 5, "qp_type": "UC", "reqs": "w_4_91168_15072_8640_5632,w_3_39424_4288_416,w_1_103136,w_4_10304_3072_512_160,w_2_32992_22944,w_3_118400_5728_192,w_4_96_32_32_32,w_1_61984,", "recvs": "3_40352_19968_64000,4_32608_30208_10176_51552,3_104608_14880_4832,2_111072_13248,", "client": {"usr": "wfowler", "ip": "192.168.100.2", "ibdev": "mlx5_0", "use_gpu": true, "numa_node": 1, "mr_num": 3, "buf_num": 1, "buf_size": 124320, "send_wq_depth": 995, "recv_wq_depth": 1, "send_batch": 52, "recv_batch": 0}, "server": {"usr": "wfowler", "ip": "192.168.100.2", "ibdev": "mlx5_0", "use_gpu": true, "numa_node": 0, "mr_num": 4, "buf_num": 4, "buf_size": 124544, "send_wq_depth": 1, "recv_wq_depth": 181, "send_batch": 0, "recv_batch": 11}}]}


tx_vport_rdma_unicast_bytes:  4.266859999999999
rx_vport_rdma_unicast_bytes:  18.84941
tx_vport_rdma_unicast_packets:  491381.0
rx_vport_rdma_unicast_packets:  588349.0
tx_prio3_pause_duration:  0.0
rx_prio3_pause_duration:  0.0

latency_samples:  30
latency_min_ns:  13927247.0
latency_avg_ns:  191318721.66666666
latency_median_ns:  191347597.0
latency_p95_ns:  546039168.0
latency_p99_ns:  546039168.0
latency_max_ns:  546039168.0

