{"Traffics": [{"process_num": 5, "qp_num": 1, "mtu": 3, "qp_type": "RC", "reqs": "r_3_71008_9536_49024,r_3_43200_2944_11392,r_3_65056_1856_11936,r_2_13024_3328,r_1_49184,r_4_1440_6688_2528_2976,r_2_3200_19552,", "recvs": "2_95552_34016,3_15968_44800_68800,", "client": {"usr": "wfowler", "ip": "192.168.100.2", "ibdev": "mlx5_0", "use_gpu": true, "numa_node": 1, "mr_num": 1, "buf_num": 2, "buf_size": 129568, "send_wq_depth": 779, "recv_wq_depth": 1, "send_batch": 41, "recv_batch": 0}, "server": {"usr": "wfowler", "ip": "192.168.100.1", "ibdev": "mlx5_0", "use_gpu": true, "numa_node": 1, "mr_num": 2, "buf_num": 3, "buf_size": 129568, "send_wq_depth": 1, "recv_wq_depth": 896, "send_batch": 0, "recv_batch": 51}}, {"process_num": 4, "qp_num": 1, "mtu": 4, "qp_type": "UD", "reqs": "s_2_1504_224,s_2_1120_96,s_1_2048,s_4_96_32_160_64,s_1_1632,s_4_1568_32_32_32,s_2_320_640,s_1_1888,", "recvs": "4_65376_1792_18784_256,3_29120_24608_7392,3_17856_15872_64288,", "client": {"usr": "wfowler", "ip": "192.168.100.1", "ibdev": "mlx5_0", "use_gpu": true, "numa_node": 1, "mr_num": 2, "buf_num": 4, "buf_size": 4096, "send_wq_depth": 373, "recv_wq_depth": 1, "send_batch": 37, "recv_batch": 0}, "server": {"usr": "wfowler", "ip": "192.168.100.2", "ibdev": "mlx5_0", "use_gpu": true, "numa_node": 0, "mr_num": 3, "buf_num": 3, "buf_size": 98016, "send_wq_depth": 1, "recv_wq_depth": 714, "send_batch": 0, "recv_batch": 4}}]}


tx_vport_rdma_unicast_bytes:  0.01511
rx_vport_rdma_unicast_bytes:  14.2661
tx_vport_rdma_unicast_packets:  25534.0
rx_vport_rdma_unicast_packets:  1717528.0
tx_prio3_pause_duration:  0.0
rx_prio3_pause_duration:  0.0

latency_samples:  30
latency_min_ns:  1441638.0
latency_avg_ns:  106972104.33333333
latency_median_ns:  106974004.0
latency_p95_ns:  160055986.0
latency_p99_ns:  160055986.0
latency_max_ns:  160055986.0

