{"Traffics": [{"process_num": 5, "qp_num": 2, "mtu": 5, "qp_type": "RC", "reqs": "s_3_55584_5312_13600,s_2_16576_78944,s_4_3616_384_3488_128,s_4_56288_3808_2336_2912,s_2_2720_7360,s_2_32_32,s_1_84544,", "recvs": "4_21312_47936_12480_13792,1_95520,2_33472_62048,4_68416_7584_13088_6432,", "client": {"usr": "wfowler", "ip": "192.168.100.2", "ibdev": "mlx5_0", "use_gpu": false, "numa_node": 0, "mr_num": 2, "buf_num": 2, "buf_size": 95520, "send_wq_depth": 329, "recv_wq_depth": 1, "send_batch": 35, "recv_batch": 0}, "server": {"usr": "wfowler", "ip": "192.168.100.1", "ibdev": "mlx5_0", "use_gpu": false, "numa_node": 1, "mr_num": 1, "buf_num": 1, "buf_size": 95520, "send_wq_depth": 1, "recv_wq_depth": 264, "send_batch": 0, "recv_batch": 63}}, {"process_num": 5, "qp_num": 1, "mtu": 3, "qp_type": "UC", "reqs": "w_3_38720_22880_16928,w_4_10336_1088_44608_35968,w_2_30976_13088,", "recvs": "1_92000,3_39648_42496_9856,3_35840_51936_4224,", "client": {"usr": "wfowler", "ip": "192.168.100.2", "ibdev": "mlx5_0", "use_gpu": false, "numa_node": 1, "mr_num": 4, "buf_num": 1, "buf_size": 92000, "send_wq_depth": 966, "recv_wq_depth": 1, "send_batch": 4, "recv_batch": 0}, "server": {"usr": "wfowler", "ip": "192.168.100.2", "ibdev": "mlx5_0", "use_gpu": false, "numa_node": 0, "mr_num": 1, "buf_num": 3, "buf_size": 92000, "send_wq_depth": 1, "recv_wq_depth": 740, "send_batch": 0, "recv_batch": 21}}]}


tx_vport_rdma_unicast_bytes:  25.90997
rx_vport_rdma_unicast_bytes:  3.5525100000000003
tx_vport_rdma_unicast_packets:  812872.0
rx_vport_rdma_unicast_packets:  488528.0
tx_prio3_pause_duration:  0.0
rx_prio3_pause_duration:  0.0

