{"Traffics": [{"process_num": 4, "qp_num": 4, "mtu": 3, "qp_type": "UC", "reqs": "s_4_12928_16544_5952_17056,s_3_992_23360_46720,", "recvs": "3_42688_52768_5376,4_33376_36288_46848_4128,1_71072,", "client": {"usr": "wfowler", "ip": "192.168.100.2", "ibdev": "mlx5_0", "use_gpu": true, "numa_node": 0, "mr_num": 4, "buf_num": 2, "buf_size": 71072, "send_wq_depth": 21, "recv_wq_depth": 1, "send_batch": 27, "recv_batch": 0}, "server": {"usr": "wfowler", "ip": "192.168.100.1", "ibdev": "mlx5_0", "use_gpu": true, "numa_node": 0, "mr_num": 1, "buf_num": 1, "buf_size": 120640, "send_wq_depth": 1, "recv_wq_depth": 338, "send_batch": 0, "recv_batch": 36}}, {"process_num": 4, "qp_num": 4, "mtu": 3, "qp_type": "RC", "reqs": "s_2_56032_42432,s_1_11776,s_4_75360_7328_1504_2560,s_2_29696_39008,s_1_56096,s_4_14944_16864_1984_32,", "recvs": "1_98464,4_11808_4352_3744_78560,3_31456_4800_62208,1_111008,", "client": {"usr": "wfowler", "ip": "192.168.100.2", "ibdev": "mlx5_0", "use_gpu": true, "numa_node": 0, "mr_num": 2, "buf_num": 2, "buf_size": 98464, "send_wq_depth": 278, "recv_wq_depth": 1, "send_batch": 58, "recv_batch": 0}, "server": {"usr": "wfowler", "ip": "192.168.100.2", "ibdev": "mlx5_0", "use_gpu": true, "numa_node": 0, "mr_num": 2, "buf_num": 4, "buf_size": 111008, "send_wq_depth": 1, "recv_wq_depth": 240, "send_batch": 0, "recv_batch": 38}}]}


tx_vport_rdma_unicast_bytes:  0.0
rx_vport_rdma_unicast_bytes:  22.440990000000003
tx_vport_rdma_unicast_packets:  0.0
rx_vport_rdma_unicast_packets:  2664573.0
tx_prio3_pause_duration:  0.0
rx_prio3_pause_duration:  0.0

latency_samples:  30
latency_min_ns:  85376596.0
latency_avg_ns:  108537210.66666667
latency_median_ns:  108610977.33333333
latency_p95_ns:  153543010.0
latency_p99_ns:  153543010.0
latency_max_ns:  153543010.0

