{"Traffics": [{"process_num": 4, "qp_num": 3, "mtu": 4, "qp_type": "RC", "reqs": "w_4_67808_128_4064_10720,w_3_12480_352_2272,w_3_17696_55264_30368,w_2_79552_22400,w_4_14112_4128_6496_3360,w_2_128_29280,", "recvs": "4_29664_19296_37536_16832,3_9824_79232_14272,", "client": {"usr": "wfowler", "ip": "192.168.100.2", "ibdev": "mlx5_0", "use_gpu": true, "numa_node": 1, "mr_num": 4, "buf_num": 4, "buf_size": 103328, "send_wq_depth": 687, "recv_wq_depth": 1, "send_batch": 1, "recv_batch": 0}, "server": {"usr": "wfowler", "ip": "192.168.100.1", "ibdev": "mlx5_0", "use_gpu": true, "numa_node": 0, "mr_num": 3, "buf_num": 1, "buf_size": 103328, "send_wq_depth": 1, "recv_wq_depth": 238, "send_batch": 0, "recv_batch": 40}}, {"process_num": 6, "qp_num": 2, "mtu": 4, "qp_type": "UC", "reqs": "w_2_45216_32512,w_4_48736_9760_1504_22432,w_4_28384_42720_3936_4096,", "recvs": "4_75680_1280_3456_2016,4_8768_70432_2080_1152,3_80544_1248_640,4_68352_31392_64_608,", "client": {"usr": "wfowler", "ip": "192.168.100.1", "ibdev": "mlx5_0", "use_gpu": true, "numa_node": 1, "mr_num": 4, "buf_num": 3, "buf_size": 82432, "send_wq_depth": 883, "recv_wq_depth": 1, "send_batch": 30, "recv_batch": 0}, "server": {"usr": "wfowler", "ip": "192.168.100.2", "ibdev": "mlx5_0", "use_gpu": true, "numa_node": 0, "mr_num": 1, "buf_num": 3, "buf_size": 100416, "send_wq_depth": 1, "recv_wq_depth": 571, "send_batch": 0, "recv_batch": 45}}]}


tx_vport_rdma_unicast_bytes:  0.0
rx_vport_rdma_unicast_bytes:  0.19113999999999998
tx_vport_rdma_unicast_packets:  0.0
rx_vport_rdma_unicast_packets:  24531.0
tx_prio3_pause_duration:  0.0
rx_prio3_pause_duration:  0.0

latency_samples:  30
latency_min_ns:  4041063.0
latency_avg_ns:  101639691.0
latency_median_ns:  101622362.66666667
latency_p95_ns:  296817593.0
latency_p99_ns:  296817593.0
latency_max_ns:  296817593.0

