{"Traffics": [{"process_num": 5, "qp_num": 4, "mtu": 5, "qp_type": "UC", "reqs": "s_2_2336_29856,s_1_98208,s_4_25216_1728_4192_4288,s_1_62976,s_4_44096_9696_11968_10976,s_2_4224_36352,s_4_3840_896_64_3744,", "recvs": "3_33568_56096_8544,4_61152_27840_2208_7008,1_121408,", "client": {"usr": "wfowler", "ip": "192.168.100.2", "ibdev": "mlx5_0", "use_gpu": true, "numa_node": 1, "mr_num": 1, "buf_num": 4, "buf_size": 98208, "send_wq_depth": 72, "recv_wq_depth": 1, "send_batch": 7, "recv_batch": 0}, "server": {"usr": "wfowler", "ip": "192.168.100.1", "ibdev": "mlx5_0", "use_gpu": true, "numa_node": 0, "mr_num": 4, "buf_num": 4, "buf_size": 121408, "send_wq_depth": 1, "recv_wq_depth": 400, "send_batch": 0, "recv_batch": 42}}, {"process_num": 4, "qp_num": 1, "mtu": 4, "qp_type": "UC", "reqs": "w_1_92160,w_3_6112_5792_19648,w_3_5376_22400_41984,w_1_69344,w_4_29792_16288_2688_2880,w_4_66976_21504_1312_416,w_2_25408_86400,w_3_1184_30848_31040,", "recvs": "4_109696_928_896_288,4_11712_66400_13984_23456,4_92000_11040_11072_1280,", "client": {"usr": "wfowler", "ip": "192.168.100.1", "ibdev": "mlx5_0", "use_gpu": true, "numa_node": 0, "mr_num": 3, "buf_num": 3, "buf_size": 111808, "send_wq_depth": 248, "recv_wq_depth": 1, "send_batch": 36, "recv_batch": 0}, "server": {"usr": "wfowler", "ip": "192.168.100.2", "ibdev": "mlx5_0", "use_gpu": true, "numa_node": 1, "mr_num": 2, "buf_num": 1, "buf_size": 115552, "send_wq_depth": 1, "recv_wq_depth": 516, "send_batch": 0, "recv_batch": 36}}]}


tx_vport_rdma_unicast_bytes:  24.211599999999997
rx_vport_rdma_unicast_bytes:  0.11899
tx_vport_rdma_unicast_packets:  748566.0
rx_vport_rdma_unicast_packets:  24547.0
tx_prio3_pause_duration:  0.0
rx_prio3_pause_duration:  0.0

latency_samples:  30
latency_min_ns:  23135049.0
latency_avg_ns:  24466418.0
latency_median_ns:  24461952.0
latency_p95_ns:  25438597.0
latency_p99_ns:  25438597.0
latency_max_ns:  25438597.0

