{"Traffics": [{"process_num": 6, "qp_num": 2, "mtu": 3, "qp_type": "UD", "reqs": "s_1_256,s_4_32_384_32_32,s_3_448_96_352,s_4_192_96_32_128,s_4_128_64_96_288,s_1_992,", "recvs": "4_12928_13280_384_1024,4_26272_44608_9184_4448,3_43584_1184_20832,", "client": {"usr": "wfowler", "ip": "192.168.100.2", "ibdev": "mlx5_0", "use_gpu": true, "numa_node": 1, "mr_num": 4, "buf_num": 4, "buf_size": 4096, "send_wq_depth": 356, "recv_wq_depth": 1, "send_batch": 41, "recv_batch": 0}, "server": {"usr": "wfowler", "ip": "192.168.100.1", "ibdev": "mlx5_0", "use_gpu": true, "numa_node": 0, "mr_num": 1, "buf_num": 1, "buf_size": 84512, "send_wq_depth": 1, "recv_wq_depth": 700, "send_batch": 0, "recv_batch": 21}}, {"process_num": 5, "qp_num": 4, "mtu": 4, "qp_type": "UC", "reqs": "s_1_95616,s_1_35616,s_1_117600,s_2_59168_9984,", "recvs": "4_24384_8704_38720_45792,4_82592_19456_14272_1280,", "client": {"usr": "wfowler", "ip": "192.168.100.1", "ibdev": "mlx5_0", "use_gpu": true, "numa_node": 0, "mr_num": 1, "buf_num": 2, "buf_size": 117600, "send_wq_depth": 749, "recv_wq_depth": 1, "send_batch": 37, "recv_batch": 0}, "server": {"usr": "wfowler", "ip": "192.168.100.2", "ibdev": "mlx5_0", "use_gpu": true, "numa_node": 1, "mr_num": 4, "buf_num": 1, "buf_size": 117600, "send_wq_depth": 1, "recv_wq_depth": 676, "send_batch": 0, "recv_batch": 42}}]}


tx_vport_rdma_unicast_bytes:  20.896099999999997
rx_vport_rdma_unicast_bytes:  0.2295
tx_vport_rdma_unicast_packets:  3875391.0
rx_vport_rdma_unicast_packets:  26364.0
tx_prio3_pause_duration:  0.0
rx_prio3_pause_duration:  0.0

latency_samples:  30
latency_min_ns:  1007408.0
latency_avg_ns:  147603528.33333334
latency_median_ns:  148042745.66666666
latency_p95_ns:  446321745.0
latency_p99_ns:  446321745.0
latency_max_ns:  446321745.0

