{"Traffics": [{"process_num": 5, "qp_num": 3, "mtu": 5, "qp_type": "UC", "reqs": "w_2_5248_5536,w_1_129920,w_1_64352,w_2_24864_55456,w_3_56288_30976_27968,", "recvs": "3_62496_8384_59040,1_129920,4_61888_14240_24864_28928,4_9920_7488_736_112000,", "client": {"usr": "wfowler", "ip": "192.168.100.2", "ibdev": "mlx5_0", "use_gpu": true, "numa_node": 1, "mr_num": 3, "buf_num": 2, "buf_size": 129920, "send_wq_depth": 372, "recv_wq_depth": 1, "send_batch": 29, "recv_batch": 0}, "server": {"usr": "wfowler", "ip": "192.168.100.1", "ibdev": "mlx5_0", "use_gpu": true, "numa_node": 0, "mr_num": 1, "buf_num": 2, "buf_size": 130144, "send_wq_depth": 1, "recv_wq_depth": 986, "send_batch": 0, "recv_batch": 3}}, {"process_num": 6, "qp_num": 3, "mtu": 4, "qp_type": "UC", "reqs": "s_4_55680_33600_10272_20992,s_3_110848_12000_1312,s_3_22432_4608_8704,s_2_41056_5600,s_2_20608_4800,s_3_84256_1312_3264,s_2_15008_7104,", "recvs": "4_23488_29888_38720_32064,1_124160,3_104352_11072_8736,3_5952_108640_13792,", "client": {"usr": "wfowler", "ip": "192.168.100.2", "ibdev": "mlx5_0", "use_gpu": true, "numa_node": 0, "mr_num": 2, "buf_num": 2, "buf_size": 124160, "send_wq_depth": 878, "recv_wq_depth": 1, "send_batch": 43, "recv_batch": 0}, "server": {"usr": "wfowler", "ip": "192.168.100.2", "ibdev": "mlx5_0", "use_gpu": true, "numa_node": 0, "mr_num": 1, "buf_num": 1, "buf_size": 128384, "send_wq_depth": 1, "recv_wq_depth": 554, "send_batch": 0, "recv_batch": 42}}]}


tx_vport_rdma_unicast_bytes:  12.992959999999998
rx_vport_rdma_unicast_bytes:  10.51052
tx_vport_rdma_unicast_packets:  399550.0
rx_vport_rdma_unicast_packets:  629878.0
tx_prio3_pause_duration:  0.0
rx_prio3_pause_duration:  0.0

latency_samples:  30
latency_min_ns:  259681329.0
latency_avg_ns:  301459776.3333333
latency_median_ns:  301890296.3333333
latency_p95_ns:  357689478.0
latency_p99_ns:  357689478.0
latency_max_ns:  357689478.0

