{"Traffics": [{"process_num": 4, "qp_num": 2, "mtu": 4, "qp_type": "RC", "reqs": "r_2_27936_51456,r_2_11488_84256,r_4_26528_7776_4768_2336,r_2_15328_112000,r_2_768_1536,", "recvs": "3_89792_28320_9216,4_55264_5696_49376_16992,2_86784_40544,", "client": {"usr": "wfowler", "ip": "192.168.100.2", "ibdev": "mlx5_0", "use_gpu": true, "numa_node": 1, "mr_num": 2, "buf_num": 3, "buf_size": 127328, "send_wq_depth": 760, "recv_wq_depth": 1, "send_batch": 59, "recv_batch": 0}, "server": {"usr": "wfowler", "ip": "192.168.100.1", "ibdev": "mlx5_0", "use_gpu": true, "numa_node": 0, "mr_num": 4, "buf_num": 4, "buf_size": 127328, "send_wq_depth": 1, "recv_wq_depth": 185, "send_batch": 0, "recv_batch": 19}}, {"process_num": 5, "qp_num": 3, "mtu": 5, "qp_type": "UD", "reqs": "s_4_704_64_448_2080,s_3_352_576_320,s_4_1824_64_224_480,s_1_1152,s_1_2848,s_4_1216_608_96_1088,s_4_928_192_128_32,", "recvs": "2_76928_28192,1_17440,", "client": {"usr": "wfowler", "ip": "192.168.100.1", "ibdev": "mlx5_0", "use_gpu": true, "numa_node": 1, "mr_num": 2, "buf_num": 1, "buf_size": 4096, "send_wq_depth": 623, "recv_wq_depth": 1, "send_batch": 28, "recv_batch": 0}, "server": {"usr": "wfowler", "ip": "192.168.100.2", "ibdev": "mlx5_0", "use_gpu": true, "numa_node": 1, "mr_num": 3, "buf_num": 4, "buf_size": 105120, "send_wq_depth": 1, "recv_wq_depth": 510, "send_batch": 0, "recv_batch": 48}}]}


tx_vport_rdma_unicast_bytes:  0.0
rx_vport_rdma_unicast_bytes:  5.889399999999999
tx_vport_rdma_unicast_packets:  0.0
rx_vport_rdma_unicast_packets:  567710.0
tx_prio3_pause_duration:  0.0
rx_prio3_pause_duration:  0.0

latency_samples:  30
latency_min_ns:  7039164.0
latency_avg_ns:  19539533.333333332
latency_median_ns:  19494275.666666668
latency_p95_ns:  26104468.0
latency_p99_ns:  26104468.0
latency_max_ns:  26104468.0

