{"Traffics": [{"process_num": 5, "qp_num": 1, "mtu": 3, "qp_type": "UC", "reqs": "s_4_9344_14048_27392_38656,s_3_56512_11168_192,s_1_60096,s_1_94528,s_1_42560,s_1_29248,s_3_5600_3968_224,s_2_4672_44192,", "recvs": "1_94528,", "client": {"usr": "wfowler", "ip": "192.168.100.2", "ibdev": "mlx5_0", "use_gpu": true, "numa_node": 1, "mr_num": 2, "buf_num": 3, "buf_size": 94528, "send_wq_depth": 265, "recv_wq_depth": 1, "send_batch": 1, "recv_batch": 0}, "server": {"usr": "wfowler", "ip": "192.168.100.1", "ibdev": "mlx5_0", "use_gpu": true, "numa_node": 1, "mr_num": 4, "buf_num": 4, "buf_size": 94528, "send_wq_depth": 1, "recv_wq_depth": 1012, "send_batch": 0, "recv_batch": 51}}, {"process_num": 4, "qp_num": 4, "mtu": 5, "qp_type": "RC", "reqs": "s_2_85280_34656,s_2_4640_20832,s_2_416_512,s_4_5792_384_2688_11808,s_1_57536,s_4_5696_14336_576_544,", "recvs": "1_119936,3_96416_20320_3200,2_80064_39872,3_34464_1408_84064,", "client": {"usr": "wfowler", "ip": "192.168.100.1", "ibdev": "mlx5_0", "use_gpu": true, "numa_node": 1, "mr_num": 2, "buf_num": 3, "buf_size": 119936, "send_wq_depth": 509, "recv_wq_depth": 1, "send_batch": 48, "recv_batch": 0}, "server": {"usr": "wfowler", "ip": "192.168.100.2", "ibdev": "mlx5_0", "use_gpu": true, "numa_node": 0, "mr_num": 3, "buf_num": 1, "buf_size": 119936, "send_wq_depth": 1, "recv_wq_depth": 748, "send_batch": 0, "recv_batch": 53}}]}


tx_vport_rdma_unicast_bytes:  24.95222
rx_vport_rdma_unicast_bytes:  0.0
tx_vport_rdma_unicast_packets:  2907700.0
rx_vport_rdma_unicast_packets:  0.0
tx_prio3_pause_duration:  0.0
rx_prio3_pause_duration:  0.0

latency_samples:  30
latency_min_ns:  7087049.0
latency_avg_ns:  19769575.333333332
latency_median_ns:  19770702.333333332
latency_p95_ns:  26373025.0
latency_p99_ns:  26373025.0
latency_max_ns:  26373025.0

