{"Traffics": [{"process_num": 6, "qp_num": 3, "mtu": 5, "qp_type": "UC", "reqs": "s_1_22464,s_1_17920,s_4_35552_61568_3840_16672,s_1_128480,s_4_19520_35744_3392_31424,s_1_5952,s_3_99776_6656_7904,s_4_34880_68096_10656_9376,", "recvs": "1_128480,1_128480,2_36384_92096,3_102240_15168_11072,", "client": {"usr": "wfowler", "ip": "192.168.100.2", "ibdev": "mlx5_0", "use_gpu": true, "numa_node": 1, "mr_num": 4, "buf_num": 1, "buf_size": 128480, "send_wq_depth": 250, "recv_wq_depth": 1, "send_batch": 10, "recv_batch": 0}, "server": {"usr": "wfowler", "ip": "192.168.100.1", "ibdev": "mlx5_0", "use_gpu": true, "numa_node": 1, "mr_num": 1, "buf_num": 2, "buf_size": 128480, "send_wq_depth": 1, "recv_wq_depth": 355, "send_batch": 0, "recv_batch": 37}}, {"process_num": 6, "qp_num": 3, "mtu": 5, "qp_type": "UC", "reqs": "w_1_47680,w_3_65600_1792_16032,w_1_123808,w_3_1344_12064_1184,", "recvs": "3_122016_832_960,4_42432_42272_704_38400,", "client": {"usr": "wfowler", "ip": "192.168.100.2", "ibdev": "mlx5_0", "use_gpu": true, "numa_node": 0, "mr_num": 1, "buf_num": 3, "buf_size": 123808, "send_wq_depth": 699, "recv_wq_depth": 1, "send_batch": 56, "recv_batch": 0}, "server": {"usr": "wfowler", "ip": "192.168.100.2", "ibdev": "mlx5_0", "use_gpu": true, "numa_node": 1, "mr_num": 2, "buf_num": 2, "buf_size": 123808, "send_wq_depth": 1, "recv_wq_depth": 450, "send_batch": 0, "recv_batch": 26}}]}


tx_vport_rdma_unicast_bytes:  11.94023
rx_vport_rdma_unicast_bytes:  11.919120000000001
tx_vport_rdma_unicast_packets:  367875.0
rx_vport_rdma_unicast_packets:  370046.0
tx_prio3_pause_duration:  0.0
rx_prio3_pause_duration:  0.0

latency_samples:  30
latency_min_ns:  7087049.0
latency_avg_ns:  172572330.0
latency_median_ns:  180572317.33333334
latency_p95_ns:  288054578.0
latency_p99_ns:  288054578.0
latency_max_ns:  288054578.0

