{"Traffics": [{"process_num": 6, "qp_num": 3, "mtu": 4, "qp_type": "UC", "reqs": "w_3_46080_8480_5280,w_2_24480_77216,w_1_91712,w_1_21440,", "recvs": "4_81184_20160_256_96,3_39808_20192_41696,4_61856_30912_5216_3712,", "client": {"usr": "wfowler", "ip": "192.168.100.2", "ibdev": "mlx5_0", "use_gpu": true, "numa_node": 1, "mr_num": 2, "buf_num": 2, "buf_size": 101696, "send_wq_depth": 141, "recv_wq_depth": 1, "send_batch": 54, "recv_batch": 0}, "server": {"usr": "wfowler", "ip": "192.168.100.1", "ibdev": "mlx5_0", "use_gpu": true, "numa_node": 1, "mr_num": 1, "buf_num": 1, "buf_size": 101696, "send_wq_depth": 1, "recv_wq_depth": 11, "send_batch": 0, "recv_batch": 59}}, {"process_num": 6, "qp_num": 4, "mtu": 4, "qp_type": "UC", "reqs": "s_2_16256_36608,s_3_48256_15232_12256,s_4_8192_49984_800_63744,s_4_21088_82336_11840_10304,s_1_30208,s_3_54944_4800_12672,s_1_17952,", "recvs": "3_76192_48480_896,1_125568,", "client": {"usr": "wfowler", "ip": "192.168.100.1", "ibdev": "mlx5_0", "use_gpu": true, "numa_node": 1, "mr_num": 3, "buf_num": 4, "buf_size": 125568, "send_wq_depth": 220, "recv_wq_depth": 1, "send_batch": 33, "recv_batch": 0}, "server": {"usr": "wfowler", "ip": "192.168.100.2", "ibdev": "mlx5_0", "use_gpu": true, "numa_node": 1, "mr_num": 1, "buf_num": 1, "buf_size": 125568, "send_wq_depth": 1, "recv_wq_depth": 579, "send_batch": 0, "recv_batch": 11}}]}


tx_vport_rdma_unicast_bytes:  24.5231
rx_vport_rdma_unicast_bytes:  0.07191
tx_vport_rdma_unicast_packets:  1474996.0
rx_vport_rdma_unicast_packets:  11986.0
tx_prio3_pause_duration:  0.0
rx_prio3_pause_duration:  0.0

latency_samples:  30
latency_min_ns:  47147914.0
latency_avg_ns:  71460388.33333333
latency_median_ns:  71446921.33333333
latency_p95_ns:  120669643.0
latency_p99_ns:  120669643.0
latency_max_ns:  120669643.0

