{"Traffics": [{"process_num": 6, "qp_num": 1, "mtu": 4, "qp_type": "UC", "reqs": "s_3_64704_21600_800,s_1_99104,s_2_8064_20384,s_2_25760_7136,s_1_73472,s_1_22880,s_2_6752_121664,", "recvs": "3_74304_43200_10912,", "client": {"usr": "wfowler", "ip": "192.168.100.2", "ibdev": "mlx5_0", "use_gpu": true, "numa_node": 0, "mr_num": 3, "buf_num": 3, "buf_size": 128416, "send_wq_depth": 9, "recv_wq_depth": 1, "send_batch": 56, "recv_batch": 0}, "server": {"usr": "wfowler", "ip": "192.168.100.1", "ibdev": "mlx5_0", "use_gpu": true, "numa_node": 0, "mr_num": 2, "buf_num": 2, "buf_size": 128416, "send_wq_depth": 1, "recv_wq_depth": 801, "send_batch": 0, "recv_batch": 54}}, {"process_num": 4, "qp_num": 3, "mtu": 3, "qp_type": "RC", "reqs": "r_2_30688_29600,r_4_34272_17024_18880_24992,r_1_63328,r_4_13152_13696_1376_416,r_1_74336,r_1_17952,r_2_40960_54912,r_3_54048_128_1696,", "recvs": "4_62208_12832_576_20256,4_34176_72160_448_1856,", "client": {"usr": "wfowler", "ip": "192.168.100.2", "ibdev": "mlx5_0", "use_gpu": true, "numa_node": 1, "mr_num": 1, "buf_num": 4, "buf_size": 95872, "send_wq_depth": 598, "recv_wq_depth": 1, "send_batch": 20, "recv_batch": 0}, "server": {"usr": "wfowler", "ip": "192.168.100.2", "ibdev": "mlx5_0", "use_gpu": true, "numa_node": 0, "mr_num": 1, "buf_num": 3, "buf_size": 108640, "send_wq_depth": 1, "recv_wq_depth": 823, "send_batch": 0, "recv_batch": 64}}]}


tx_vport_rdma_unicast_bytes:  0.0
rx_vport_rdma_unicast_bytes:  23.85018
tx_vport_rdma_unicast_packets:  0.0
rx_vport_rdma_unicast_packets:  2798363.0
tx_prio3_pause_duration:  0.0
rx_prio3_pause_duration:  0.0

latency_samples:  30
latency_min_ns:  92946202.0
latency_avg_ns:  135956346.66666666
latency_median_ns:  136083901.0
latency_p95_ns:  157500450.0
latency_p99_ns:  157500450.0
latency_max_ns:  157500450.0

