{"Traffics": [{"process_num": 6, "qp_num": 1, "mtu": 4, "qp_type": "UD", "reqs": "s_2_1152_896,s_3_448_384_576,s_2_96_480,s_4_32_128_608_192,s_2_640_192,", "recvs": "1_21024,", "client": {"usr": "wfowler", "ip": "192.168.100.2", "ibdev": "mlx5_0", "use_gpu": true, "numa_node": 1, "mr_num": 2, "buf_num": 4, "buf_size": 4096, "send_wq_depth": 121, "recv_wq_depth": 1, "send_batch": 18, "recv_batch": 0}, "server": {"usr": "wfowler", "ip": "192.168.100.1", "ibdev": "mlx5_0", "use_gpu": true, "numa_node": 1, "mr_num": 3, "buf_num": 4, "buf_size": 21024, "send_wq_depth": 1, "recv_wq_depth": 534, "send_batch": 0, "recv_batch": 10}}, {"process_num": 4, "qp_num": 3, "mtu": 3, "qp_type": "UC", "reqs": "s_2_1856_1184,s_2_1024_28352,s_4_29472_28672_10752_42144,s_3_72864_2496_8352,s_2_13440_608,s_2_75840_43072,", "recvs": "4_104192_9568_2080_3072,3_31680_30688_56544,4_90656_16224_9344_2688,4_9728_60096_40896_8192,", "client": {"usr": "wfowler", "ip": "192.168.100.1", "ibdev": "mlx5_0", "use_gpu": true, "numa_node": 1, "mr_num": 1, "buf_num": 3, "buf_size": 118912, "send_wq_depth": 180, "recv_wq_depth": 1, "send_batch": 2, "recv_batch": 0}, "server": {"usr": "wfowler", "ip": "192.168.100.2", "ibdev": "mlx5_0", "use_gpu": true, "numa_node": 0, "mr_num": 2, "buf_num": 1, "buf_size": 118912, "send_wq_depth": 1, "recv_wq_depth": 619, "send_batch": 0, "recv_batch": 32}}]}


tx_vport_rdma_unicast_bytes:  21.96445
rx_vport_rdma_unicast_bytes:  24.825509999999998
tx_vport_rdma_unicast_packets:  2230710.0
rx_vport_rdma_unicast_packets:  2875161.0
tx_prio3_pause_duration:  0.0
rx_prio3_pause_duration:  0.0

latency_samples:  20
latency_min_ns:  384146.0
latency_avg_ns:  22899963.5
latency_median_ns:  23075077.5
latency_p95_ns:  52995312.0
latency_p99_ns:  52995312.0
latency_max_ns:  52995312.0

