{"Traffics": [{"process_num": 6, "qp_num": 3, "mtu": 3, "qp_type": "UC", "reqs": "w_4_16288_2560_47264_64,w_2_512_2272,w_3_7392_2240_4864,w_2_27296_32864,", "recvs": "3_48672_7008_10496,1_66176,4_7200_46656_38400_28320,2_25280_40896,", "client": {"usr": "wfowler", "ip": "192.168.100.2", "ibdev": "mlx5_0", "use_gpu": false, "numa_node": 0, "mr_num": 1, "buf_num": 1, "buf_size": 66176, "send_wq_depth": 354, "recv_wq_depth": 1, "send_batch": 48, "recv_batch": 0}, "server": {"usr": "wfowler", "ip": "192.168.100.1", "ibdev": "mlx5_0", "use_gpu": false, "numa_node": 0, "mr_num": 3, "buf_num": 1, "buf_size": 120576, "send_wq_depth": 1, "recv_wq_depth": 954, "send_batch": 0, "recv_batch": 14}}, {"process_num": 6, "qp_num": 1, "mtu": 5, "qp_type": "UC", "reqs": "s_1_126112,s_1_111040,s_3_23040_25600_19584,s_3_22496_26848_31456,s_2_115808_11616,s_3_69184_8576_13760,s_3_15232_12512_15424,s_4_43200_21280_34880_8672,", "recvs": "2_109760_17664,", "client": {"usr": "wfowler", "ip": "192.168.100.2", "ibdev": "mlx5_0", "use_gpu": false, "numa_node": 0, "mr_num": 4, "buf_num": 4, "buf_size": 127424, "send_wq_depth": 217, "recv_wq_depth": 1, "send_batch": 4, "recv_batch": 0}, "server": {"usr": "wfowler", "ip": "192.168.100.2", "ibdev": "mlx5_0", "use_gpu": false, "numa_node": 1, "mr_num": 3, "buf_num": 3, "buf_size": 127424, "send_wq_depth": 1, "recv_wq_depth": 39, "send_batch": 0, "recv_batch": 55}}]}


tx_vport_rdma_unicast_bytes:  25.478990000000003
rx_vport_rdma_unicast_bytes:  32.26025
tx_vport_rdma_unicast_packets:  2976985.0
rx_vport_rdma_unicast_packets:  992333.0
tx_prio3_pause_duration:  0.0
rx_prio3_pause_duration:  0.0

