{"Traffics": [{"process_num": 4, "qp_num": 4, "mtu": 5, "qp_type": "RC", "reqs": "w_3_23232_16000_1696,w_3_44928_32416_5440,w_2_54976_7136,w_2_31232_72032,w_1_86336,w_2_11168_60288,", "recvs": "2_18880_95616,", "client": {"usr": "wfowler", "ip": "192.168.100.2", "ibdev": "mlx5_0", "use_gpu": true, "numa_node": 1, "mr_num": 2, "buf_num": 2, "buf_size": 103264, "send_wq_depth": 665, "recv_wq_depth": 1, "send_batch": 6, "recv_batch": 0}, "server": {"usr": "wfowler", "ip": "192.168.100.1", "ibdev": "mlx5_0", "use_gpu": true, "numa_node": 1, "mr_num": 3, "buf_num": 2, "buf_size": 114496, "send_wq_depth": 1, "recv_wq_depth": 101, "send_batch": 0, "recv_batch": 32}}, {"process_num": 4, "qp_num": 1, "mtu": 5, "qp_type": "UD", "reqs": "s_4_64_416_352_480,s_3_544_96_864,s_4_2560_256_544_96,s_1_1280,s_4_1856_384_64_224,s_3_2528_800_480,s_1_3456,", "recvs": "4_112672_4096_1408_992,2_37184_27936,4_29376_18624_5504_18496,", "client": {"usr": "wfowler", "ip": "192.168.100.1", "ibdev": "mlx5_0", "use_gpu": true, "numa_node": 0, "mr_num": 1, "buf_num": 2, "buf_size": 4096, "send_wq_depth": 935, "recv_wq_depth": 1, "send_batch": 9, "recv_batch": 0}, "server": {"usr": "wfowler", "ip": "192.168.100.2", "ibdev": "mlx5_0", "use_gpu": true, "numa_node": 1, "mr_num": 4, "buf_num": 3, "buf_size": 119168, "send_wq_depth": 1, "recv_wq_depth": 652, "send_batch": 0, "recv_batch": 64}}]}


tx_vport_rdma_unicast_bytes:  0.0
rx_vport_rdma_unicast_bytes:  3.57356
tx_vport_rdma_unicast_packets:  0.0
rx_vport_rdma_unicast_packets:  327010.0
tx_prio3_pause_duration:  0.0
rx_prio3_pause_duration:  0.0

latency_samples:  30
latency_min_ns:  3312988.0
latency_avg_ns:  171416616.33333334
latency_median_ns:  171436632.33333334
latency_p95_ns:  255530615.0
latency_p99_ns:  255530615.0
latency_max_ns:  255530615.0

