{"Traffics": [{"process_num": 5, "qp_num": 1, "mtu": 3, "qp_type": "RC", "reqs": "r_4_17600_41600_3648_23776,r_4_47328_14848_576_160,r_3_9536_7872_9856,", "recvs": "4_74176_9792_1248_1408,1_86624,3_76256_7168_3200,4_38656_27232_1792_18944,", "client": {"usr": "wfowler", "ip": "192.168.100.2", "ibdev": "mlx5_0", "use_gpu": true, "numa_node": 1, "mr_num": 1, "buf_num": 4, "buf_size": 86624, "send_wq_depth": 355, "recv_wq_depth": 1, "send_batch": 34, "recv_batch": 0}, "server": {"usr": "wfowler", "ip": "192.168.100.1", "ibdev": "mlx5_0", "use_gpu": true, "numa_node": 0, "mr_num": 3, "buf_num": 1, "buf_size": 86624, "send_wq_depth": 1, "recv_wq_depth": 218, "send_batch": 0, "recv_batch": 10}}, {"process_num": 5, "qp_num": 3, "mtu": 4, "qp_type": "UC", "reqs": "w_4_2624_6496_7808_1728,w_2_11392_94208,w_2_22112_23680,w_4_5440_10944_14816_2048,w_4_49280_12352_2752_1920,w_4_7488_9568_48352_44544,w_3_4448_4416_10848,", "recvs": "2_53760_56192,4_37504_7136_10016_55296,4_87168_17120_5056_608,", "client": {"usr": "wfowler", "ip": "192.168.100.2", "ibdev": "mlx5_0", "use_gpu": true, "numa_node": 0, "mr_num": 4, "buf_num": 1, "buf_size": 109952, "send_wq_depth": 297, "recv_wq_depth": 1, "send_batch": 44, "recv_batch": 0}, "server": {"usr": "wfowler", "ip": "192.168.100.2", "ibdev": "mlx5_0", "use_gpu": true, "numa_node": 1, "mr_num": 1, "buf_num": 3, "buf_size": 109952, "send_wq_depth": 1, "recv_wq_depth": 141, "send_batch": 0, "recv_batch": 41}}]}


tx_vport_rdma_unicast_bytes:  0.028579999999999998
rx_vport_rdma_unicast_bytes:  47.4208
tx_vport_rdma_unicast_packets:  48293.0
rx_vport_rdma_unicast_packets:  4206313.0
tx_prio3_pause_duration:  0.0
rx_prio3_pause_duration:  0.0

latency_samples:  30
latency_min_ns:  36643771.0
latency_avg_ns:  134811896.33333334
latency_median_ns:  134839306.0
latency_p95_ns:  283767497.0
latency_p99_ns:  283767497.0
latency_max_ns:  283767497.0

