{"Traffics": [{"process_num": 5, "qp_num": 4, "mtu": 5, "qp_type": "RC", "reqs": "w_1_21248,w_4_44224_20800_29760_15040,w_1_58944,w_2_27232_62112,w_3_37600_416_1344,", "recvs": "2_7712_102112,3_87712_21152_960,4_58496_35712_12000_3616,3_34656_82944_3776,", "client": {"usr": "wfowler", "ip": "192.168.100.2", "ibdev": "mlx5_0", "use_gpu": true, "numa_node": 0, "mr_num": 4, "buf_num": 1, "buf_size": 109824, "send_wq_depth": 401, "recv_wq_depth": 1, "send_batch": 4, "recv_batch": 0}, "server": {"usr": "wfowler", "ip": "192.168.100.1", "ibdev": "mlx5_0", "use_gpu": true, "numa_node": 1, "mr_num": 2, "buf_num": 2, "buf_size": 121376, "send_wq_depth": 1, "recv_wq_depth": 108, "send_batch": 0, "recv_batch": 26}}, {"process_num": 4, "qp_num": 4, "mtu": 4, "qp_type": "UC", "reqs": "w_2_12000_72064,w_1_68928,w_4_43200_9472_4768_2976,w_1_93312,w_3_66816_13888_7232,w_1_35616,", "recvs": "3_97536_8480_1664,1_93312,3_24288_28416_40608,4_31648_16512_24576_49376,", "client": {"usr": "wfowler", "ip": "192.168.100.2", "ibdev": "mlx5_0", "use_gpu": true, "numa_node": 0, "mr_num": 2, "buf_num": 3, "buf_size": 93312, "send_wq_depth": 865, "recv_wq_depth": 1, "send_batch": 29, "recv_batch": 0}, "server": {"usr": "wfowler", "ip": "192.168.100.2", "ibdev": "mlx5_0", "use_gpu": true, "numa_node": 0, "mr_num": 2, "buf_num": 2, "buf_size": 122112, "send_wq_depth": 1, "recv_wq_depth": 441, "send_batch": 0, "recv_batch": 4}}]}


tx_vport_rdma_unicast_bytes:  0.0
rx_vport_rdma_unicast_bytes:  22.24451
tx_vport_rdma_unicast_packets:  0.0
rx_vport_rdma_unicast_packets:  1335198.0
tx_prio3_pause_duration:  0.0
rx_prio3_pause_duration:  0.0

latency_samples:  30
latency_min_ns:  283274944.0
latency_avg_ns:  339166390.0
latency_median_ns:  339269687.6666667
latency_p95_ns:  368994472.0
latency_p99_ns:  368994472.0
latency_max_ns:  368994472.0

