{"Traffics": [{"process_num": 4, "qp_num": 4, "mtu": 3, "qp_type": "UD", "reqs": "s_4_192_224_192_128,s_1_1024,s_2_160_320,s_1_544,s_2_256_224,s_2_32_32,", "recvs": "2_5696_1856,2_10016_62176,3_15232_7968_1312,1_20800,", "client": {"usr": "wfowler", "ip": "192.168.100.2", "ibdev": "mlx5_0", "use_gpu": true, "numa_node": 1, "mr_num": 1, "buf_num": 1, "buf_size": 4096, "send_wq_depth": 302, "recv_wq_depth": 1, "send_batch": 64, "recv_batch": 0}, "server": {"usr": "wfowler", "ip": "192.168.100.1", "ibdev": "mlx5_0", "use_gpu": true, "numa_node": 0, "mr_num": 2, "buf_num": 4, "buf_size": 72192, "send_wq_depth": 1, "recv_wq_depth": 323, "send_batch": 0, "recv_batch": 31}}, {"process_num": 6, "qp_num": 2, "mtu": 5, "qp_type": "UC", "reqs": "w_2_2848_10208,w_1_26624,w_3_18144_6912_88576,w_4_640_35904_1696_47904,w_4_5184_16224_25088_39072,w_4_101600_1856_1760_6080,w_1_91776,w_2_51200_11840,", "recvs": "1_124832,3_82944_15488_15200,1_113632,", "client": {"usr": "wfowler", "ip": "192.168.100.1", "ibdev": "mlx5_0", "use_gpu": true, "numa_node": 0, "mr_num": 2, "buf_num": 2, "buf_size": 113632, "send_wq_depth": 535, "recv_wq_depth": 1, "send_batch": 42, "recv_batch": 0}, "server": {"usr": "wfowler", "ip": "192.168.100.2", "ibdev": "mlx5_0", "use_gpu": true, "numa_node": 1, "mr_num": 2, "buf_num": 4, "buf_size": 124832, "send_wq_depth": 1, "recv_wq_depth": 834, "send_batch": 0, "recv_batch": 50}}]}


tx_vport_rdma_unicast_bytes:  24.822419999999997
rx_vport_rdma_unicast_bytes:  0.0685
tx_vport_rdma_unicast_packets:  4999147.0
rx_vport_rdma_unicast_packets:  14292.0
tx_prio3_pause_duration:  0.0
rx_prio3_pause_duration:  0.0

latency_samples:  30
latency_min_ns:  805438.0
latency_avg_ns:  56474135.0
latency_median_ns:  56231970.333333336
latency_p95_ns:  169894730.0
latency_p99_ns:  169894730.0
latency_max_ns:  169894730.0

