{"Traffics": [{"process_num": 4, "qp_num": 1, "mtu": 3, "qp_type": "UD", "reqs": "s_3_32_64_96,s_4_256_32_32_32,s_3_704_224_96,s_1_544,s_1_960,s_2_416_64,", "recvs": "4_84608_5920_1504_21952,4_38560_19776_13760_6528,3_128_192_64384,2_5280_1760,", "client": {"usr": "wfowler", "ip": "192.168.100.2", "ibdev": "mlx5_0", "use_gpu": true, "numa_node": 1, "mr_num": 1, "buf_num": 1, "buf_size": 4096, "send_wq_depth": 302, "recv_wq_depth": 1, "send_batch": 64, "recv_batch": 0}, "server": {"usr": "wfowler", "ip": "192.168.100.1", "ibdev": "mlx5_0", "use_gpu": true, "numa_node": 0, "mr_num": 2, "buf_num": 4, "buf_size": 113984, "send_wq_depth": 1, "recv_wq_depth": 481, "send_batch": 0, "recv_batch": 31}}, {"process_num": 6, "qp_num": 2, "mtu": 5, "qp_type": "UC", "reqs": "w_2_2848_10208,w_1_26624,w_3_18144_6912_88576,w_4_640_35904_1696_47904,w_4_5184_16224_25088_39072,w_4_101600_1856_1760_6080,w_1_91776,w_2_51200_11840,", "recvs": "1_124832,3_82944_15488_15200,1_113632,", "client": {"usr": "wfowler", "ip": "192.168.100.1", "ibdev": "mlx5_0", "use_gpu": true, "numa_node": 0, "mr_num": 2, "buf_num": 3, "buf_size": 113632, "send_wq_depth": 535, "recv_wq_depth": 1, "send_batch": 33, "recv_batch": 0}, "server": {"usr": "wfowler", "ip": "192.168.100.2", "ibdev": "mlx5_0", "use_gpu": true, "numa_node": 1, "mr_num": 2, "buf_num": 4, "buf_size": 124832, "send_wq_depth": 1, "recv_wq_depth": 834, "send_batch": 0, "recv_batch": 50}}]}


tx_vport_rdma_unicast_bytes:  24.71245
rx_vport_rdma_unicast_bytes:  0.06852
tx_vport_rdma_unicast_packets:  4694614.0
rx_vport_rdma_unicast_packets:  14389.0
tx_prio3_pause_duration:  0.0
rx_prio3_pause_duration:  0.0

latency_samples:  30
latency_min_ns:  186042.0
latency_avg_ns:  58347629.666666664
latency_median_ns:  58345493.0
latency_p95_ns:  174848258.0
latency_p99_ns:  174848258.0
latency_max_ns:  174848258.0

