{"Traffics": [{"process_num": 6, "qp_num": 3, "mtu": 5, "qp_type": "RC", "reqs": "s_3_16192_3456_12672,s_4_4896_20224_6976_1376,s_2_39712_37504,", "recvs": "3_33824_38336_5056,4_68352_18400_5280_3424,4_6496_63424_11136_6048,3_43552_37056_4448,", "client": {"usr": "wfowler", "ip": "192.168.100.2", "ibdev": "mlx5_0", "use_gpu": true, "numa_node": 0, "mr_num": 4, "buf_num": 1, "buf_size": 77216, "send_wq_depth": 283, "recv_wq_depth": 1, "send_batch": 64, "recv_batch": 0}, "server": {"usr": "wfowler", "ip": "192.168.100.1", "ibdev": "mlx5_0", "use_gpu": true, "numa_node": 0, "mr_num": 2, "buf_num": 2, "buf_size": 95456, "send_wq_depth": 1, "recv_wq_depth": 812, "send_batch": 0, "recv_batch": 28}}, {"process_num": 6, "qp_num": 2, "mtu": 3, "qp_type": "RC", "reqs": "s_4_86752_4096_512_1184,s_3_31872_17440_34560,s_1_63168,s_2_17504_20768,s_1_80832,s_2_41504_69504,s_4_13760_21504_13152_12384,s_4_27968_5248_1280_352,", "recvs": "3_70080_26880_14048,", "client": {"usr": "wfowler", "ip": "192.168.100.1", "ibdev": "mlx5_0", "use_gpu": true, "numa_node": 1, "mr_num": 3, "buf_num": 3, "buf_size": 111008, "send_wq_depth": 859, "recv_wq_depth": 1, "send_batch": 29, "recv_batch": 0}, "server": {"usr": "wfowler", "ip": "192.168.100.2", "ibdev": "mlx5_0", "use_gpu": true, "numa_node": 1, "mr_num": 1, "buf_num": 4, "buf_size": 111008, "send_wq_depth": 1, "recv_wq_depth": 515, "send_batch": 0, "recv_batch": 1}}]}


tx_vport_rdma_unicast_bytes:  0.028
rx_vport_rdma_unicast_bytes:  24.60593
tx_vport_rdma_unicast_packets:  56453.0
rx_vport_rdma_unicast_packets:  2851061.0
tx_prio3_pause_duration:  0.0
rx_prio3_pause_duration:  0.0

latency_samples:  30
latency_min_ns:  192343.0
latency_avg_ns:  85926555.33333333
latency_median_ns:  86033752.66666667
latency_p95_ns:  257876400.0
latency_p99_ns:  257876400.0
latency_max_ns:  257876400.0

