{"Traffics": [{"process_num": 6, "qp_num": 2, "mtu": 4, "qp_type": "RC", "reqs": "s_1_82432,s_4_63200_26720_12128_10560,s_3_896_11648_79648,s_4_29728_2240_19840_2144,s_3_18304_5472_6304,s_3_40480_928_5408,s_2_13184_7360,", "recvs": "1_112608,4_49536_5280_62880_9568,", "client": {"usr": "wfowler", "ip": "192.168.100.2", "ibdev": "mlx5_0", "use_gpu": true, "numa_node": 0, "mr_num": 4, "buf_num": 4, "buf_size": 112608, "send_wq_depth": 918, "recv_wq_depth": 1, "send_batch": 57, "recv_batch": 0}, "server": {"usr": "wfowler", "ip": "192.168.100.1", "ibdev": "mlx5_0", "use_gpu": true, "numa_node": 0, "mr_num": 3, "buf_num": 4, "buf_size": 127264, "send_wq_depth": 1, "recv_wq_depth": 553, "send_batch": 0, "recv_batch": 8}}, {"process_num": 4, "qp_num": 2, "mtu": 4, "qp_type": "UC", "reqs": "w_3_2336_20640_38240,w_1_45088,w_1_13632,w_2_46784_26656,w_1_18592,w_3_18720_41888_512,w_1_22816,w_3_32800_58784_10496,", "recvs": "3_16160_1024_84896,1_102080,", "client": {"usr": "wfowler", "ip": "192.168.100.1", "ibdev": "mlx5_0", "use_gpu": true, "numa_node": 1, "mr_num": 1, "buf_num": 4, "buf_size": 102080, "send_wq_depth": 502, "recv_wq_depth": 1, "send_batch": 62, "recv_batch": 0}, "server": {"usr": "wfowler", "ip": "192.168.100.2", "ibdev": "mlx5_0", "use_gpu": true, "numa_node": 1, "mr_num": 2, "buf_num": 3, "buf_size": 102080, "send_wq_depth": 1, "recv_wq_depth": 631, "send_batch": 0, "recv_batch": 15}}]}


tx_vport_rdma_unicast_bytes:  0.0
rx_vport_rdma_unicast_bytes:  0.1235
tx_vport_rdma_unicast_packets:  0.0
rx_vport_rdma_unicast_packets:  29693.0
tx_prio3_pause_duration:  0.0
rx_prio3_pause_duration:  0.0

latency_samples:  30
latency_min_ns:  69701612.0
latency_avg_ns:  335050954.6666667
latency_median_ns:  335129714.6666667
latency_p95_ns:  467662929.0
latency_p99_ns:  467662929.0
latency_max_ns:  467662929.0

