{"Traffics": [{"process_num": 4, "qp_num": 3, "mtu": 4, "qp_type": "RC", "reqs": "w_4_12576_1696_2272_3968,w_4_20800_1056_11616_57216,", "recvs": "2_16640_74048,4_81504_8288_352_544,", "client": {"usr": "wfowler", "ip": "192.168.100.2", "ibdev": "mlx5_0", "use_gpu": true, "numa_node": 1, "mr_num": 3, "buf_num": 3, "buf_size": 90688, "send_wq_depth": 107, "recv_wq_depth": 1, "send_batch": 44, "recv_batch": 0}, "server": {"usr": "wfowler", "ip": "192.168.100.1", "ibdev": "mlx5_0", "use_gpu": true, "numa_node": 1, "mr_num": 2, "buf_num": 3, "buf_size": 90688, "send_wq_depth": 1, "recv_wq_depth": 303, "send_batch": 0, "recv_batch": 33}}, {"process_num": 6, "qp_num": 1, "mtu": 3, "qp_type": "RC", "reqs": "r_4_29600_18592_512_2272,r_4_21824_9184_15936_2336,r_1_2176,r_4_103968_736_4864_1024,r_1_76096,r_3_37216_1824_8224,", "recvs": "3_25984_65856_18752,4_50944_17824_26784_15040,3_103712_2144_4736,", "client": {"usr": "wfowler", "ip": "192.168.100.1", "ibdev": "mlx5_0", "use_gpu": true, "numa_node": 1, "mr_num": 3, "buf_num": 2, "buf_size": 110592, "send_wq_depth": 908, "recv_wq_depth": 1, "send_batch": 27, "recv_batch": 0}, "server": {"usr": "wfowler", "ip": "192.168.100.2", "ibdev": "mlx5_0", "use_gpu": true, "numa_node": 0, "mr_num": 1, "buf_num": 4, "buf_size": 110592, "send_wq_depth": 1, "recv_wq_depth": 785, "send_batch": 0, "recv_batch": 20}}]}


tx_vport_rdma_unicast_bytes:  25.0265
rx_vport_rdma_unicast_bytes:  0.032920000000000005
tx_vport_rdma_unicast_packets:  2919924.0
rx_vport_rdma_unicast_packets:  52770.0
tx_prio3_pause_duration:  0.0
rx_prio3_pause_duration:  0.0

latency_samples:  30
latency_min_ns:  534307.0
latency_avg_ns:  35672908.666666664
latency_median_ns:  35673773.0
latency_p95_ns:  106303126.0
latency_p99_ns:  106303126.0
latency_max_ns:  106303126.0

