{"Traffics": [{"process_num": 5, "qp_num": 3, "mtu": 4, "qp_type": "UD", "reqs": "s_4_192_1408_32_224,s_3_160_32_64,s_4_1088_96_32_64,", "recvs": "3_26368_73536_28448,4_23200_85600_5824_9312,2_37440_26848,", "client": {"usr": "wfowler", "ip": "192.168.100.2", "ibdev": "mlx5_0", "use_gpu": true, "numa_node": 1, "mr_num": 2, "buf_num": 4, "buf_size": 4096, "send_wq_depth": 380, "recv_wq_depth": 1, "send_batch": 43, "recv_batch": 0}, "server": {"usr": "wfowler", "ip": "192.168.100.1", "ibdev": "mlx5_0", "use_gpu": true, "numa_node": 1, "mr_num": 4, "buf_num": 1, "buf_size": 128352, "send_wq_depth": 1, "recv_wq_depth": 168, "send_batch": 0, "recv_batch": 23}}, {"process_num": 4, "qp_num": 4, "mtu": 5, "qp_type": "UC", "reqs": "s_3_52736_47360_2432,s_3_2016_160_1952,s_2_5888_960,s_4_21024_26528_288_1504,s_4_5248_4864_4064_32,s_2_21728_4864,s_3_1632_38528_60416,", "recvs": "4_53664_69728_1280_3200,", "client": {"usr": "wfowler", "ip": "192.168.100.1", "ibdev": "mlx5_0", "use_gpu": true, "numa_node": 0, "mr_num": 3, "buf_num": 2, "buf_size": 102528, "send_wq_depth": 507, "recv_wq_depth": 1, "send_batch": 43, "recv_batch": 0}, "server": {"usr": "wfowler", "ip": "192.168.100.2", "ibdev": "mlx5_0", "use_gpu": true, "numa_node": 1, "mr_num": 4, "buf_num": 1, "buf_size": 127872, "send_wq_depth": 1, "recv_wq_depth": 972, "send_batch": 0, "recv_batch": 37}}]}


tx_vport_rdma_unicast_bytes:  21.32548
rx_vport_rdma_unicast_bytes:  0.041729999999999996
tx_vport_rdma_unicast_packets:  2227593.0
rx_vport_rdma_unicast_packets:  29088.0
tx_prio3_pause_duration:  0.0
rx_prio3_pause_duration:  0.0

latency_samples:  30
latency_min_ns:  2341758.0
latency_avg_ns:  40563483.666666664
latency_median_ns:  40588020.333333336
latency_p95_ns:  117577882.0
latency_p99_ns:  117577882.0
latency_max_ns:  117577882.0

