{"Traffics": [{"process_num": 6, "qp_num": 4, "mtu": 5, "qp_type": "RC", "reqs": "w_1_121888,w_4_7264_97568_256_32,w_3_24544_2816_57824,w_3_14816_19072_50272,w_1_31968,w_2_56032_6560,w_3_80512_21216_13472,w_3_29952_5408_84512,", "recvs": "3_24576_39200_58112,", "client": {"usr": "wfowler", "ip": "192.168.100.2", "ibdev": "mlx5_0", "use_gpu": true, "numa_node": 0, "mr_num": 1, "buf_num": 2, "buf_size": 121888, "send_wq_depth": 151, "recv_wq_depth": 1, "send_batch": 9, "recv_batch": 0}, "server": {"usr": "wfowler", "ip": "192.168.100.1", "ibdev": "mlx5_0", "use_gpu": true, "numa_node": 1, "mr_num": 2, "buf_num": 4, "buf_size": 121888, "send_wq_depth": 1, "recv_wq_depth": 360, "send_batch": 0, "recv_batch": 21}}, {"process_num": 4, "qp_num": 1, "mtu": 5, "qp_type": "UD", "reqs": "s_1_288,s_3_384_2176_320,s_1_1216,s_2_64_64,s_1_1664,s_1_3968,s_1_3168,s_2_256_736,", "recvs": "1_63904,1_24032,3_79840_896_44448,4_35936_7008_41536_21536,", "client": {"usr": "wfowler", "ip": "192.168.100.1", "ibdev": "mlx5_0", "use_gpu": true, "numa_node": 0, "mr_num": 2, "buf_num": 2, "buf_size": 4096, "send_wq_depth": 336, "recv_wq_depth": 1, "send_batch": 9, "recv_batch": 0}, "server": {"usr": "wfowler", "ip": "192.168.100.2", "ibdev": "mlx5_0", "use_gpu": true, "numa_node": 0, "mr_num": 3, "buf_num": 4, "buf_size": 125184, "send_wq_depth": 1, "recv_wq_depth": 854, "send_batch": 0, "recv_batch": 26}}]}


tx_vport_rdma_unicast_bytes:  0.0
rx_vport_rdma_unicast_bytes:  4.59711
tx_vport_rdma_unicast_packets:  0.0
rx_vport_rdma_unicast_packets:  791516.0
tx_prio3_pause_duration:  0.0
rx_prio3_pause_duration:  0.0

latency_samples:  30
latency_min_ns:  818584.0
latency_avg_ns:  1375615.6666666667
latency_median_ns:  1382740.6666666667
latency_p95_ns:  1657410.0
latency_p99_ns:  1657410.0
latency_max_ns:  1657410.0

