{"Traffics": [{"process_num": 4, "qp_num": 3, "mtu": 4, "qp_type": "RC", "reqs": "r_2_91616_27936,r_4_18368_864_704_1152,r_2_29184_68032,", "recvs": "4_63840_48064_672_6976,1_125024,1_119552,2_98880_30848,", "client": {"usr": "wfowler", "ip": "192.168.100.2", "ibdev": "mlx5_0", "use_gpu": true, "numa_node": 1, "mr_num": 3, "buf_num": 2, "buf_size": 119552, "send_wq_depth": 827, "recv_wq_depth": 1, "send_batch": 41, "recv_batch": 0}, "server": {"usr": "wfowler", "ip": "192.168.100.1", "ibdev": "mlx5_0", "use_gpu": true, "numa_node": 1, "mr_num": 1, "buf_num": 3, "buf_size": 129728, "send_wq_depth": 1, "recv_wq_depth": 818, "send_batch": 0, "recv_batch": 57}}, {"process_num": 4, "qp_num": 1, "mtu": 3, "qp_type": "RC", "reqs": "s_3_16064_75328_4544,s_3_10816_448_224,s_1_54240,s_2_17696_90176,s_2_27104_960,", "recvs": "2_63488_44384,1_107872,3_45728_17216_44928,", "client": {"usr": "wfowler", "ip": "192.168.100.1", "ibdev": "mlx5_0", "use_gpu": true, "numa_node": 0, "mr_num": 3, "buf_num": 1, "buf_size": 107872, "send_wq_depth": 610, "recv_wq_depth": 1, "send_batch": 20, "recv_batch": 0}, "server": {"usr": "wfowler", "ip": "192.168.100.2", "ibdev": "mlx5_0", "use_gpu": true, "numa_node": 0, "mr_num": 2, "buf_num": 4, "buf_size": 107872, "send_wq_depth": 1, "recv_wq_depth": 273, "send_batch": 0, "recv_batch": 20}}]}


tx_vport_rdma_unicast_bytes:  0.03174
rx_vport_rdma_unicast_bytes:  24.495669999999997
tx_vport_rdma_unicast_packets:  64000.0
rx_vport_rdma_unicast_packets:  2841198.0
tx_prio3_pause_duration:  0.0
rx_prio3_pause_duration:  0.0

latency_samples:  30
latency_min_ns:  7199440.0
latency_avg_ns:  21855256.333333332
latency_median_ns:  21877053.666666668
latency_p95_ns:  51276949.0
latency_p99_ns:  51276949.0
latency_max_ns:  51276949.0

