{"Traffics": [{"process_num": 6, "qp_num": 2, "mtu": 3, "qp_type": "UC", "reqs": "w_2_20832_57248,w_2_44608_9024,w_1_37280,w_2_12864_20736,w_1_68000,w_4_14752_9664_80352_16800,w_4_2272_160_96_352,w_1_19968,", "recvs": "2_43552_78016,3_22112_85856_13600,4_8832_57184_2784_52768,3_58848_42304_20416,", "client": {"usr": "wfowler", "ip": "192.168.100.2", "ibdev": "mlx5_0", "use_gpu": true, "numa_node": 0, "mr_num": 3, "buf_num": 1, "buf_size": 121568, "send_wq_depth": 659, "recv_wq_depth": 1, "send_batch": 27, "recv_batch": 0}, "server": {"usr": "wfowler", "ip": "192.168.100.1", "ibdev": "mlx5_0", "use_gpu": true, "numa_node": 1, "mr_num": 2, "buf_num": 2, "buf_size": 121568, "send_wq_depth": 1, "recv_wq_depth": 580, "send_batch": 0, "recv_batch": 31}}, {"process_num": 6, "qp_num": 2, "mtu": 4, "qp_type": "UC", "reqs": "w_2_56608_13888,w_4_10688_3904_1888_1920,w_3_45216_50368_20736,w_4_11840_47904_37792_9888,w_4_21024_8416_672_2272,w_4_24160_1568_3712_992,w_3_5408_480_1216,w_3_35328_7136_40192,", "recvs": "4_2016_36768_42880_34656,2_6944_109376,", "client": {"usr": "wfowler", "ip": "192.168.100.2", "ibdev": "mlx5_0", "use_gpu": true, "numa_node": 1, "mr_num": 2, "buf_num": 2, "buf_size": 116320, "send_wq_depth": 656, "recv_wq_depth": 1, "send_batch": 15, "recv_batch": 0}, "server": {"usr": "wfowler", "ip": "192.168.100.2", "ibdev": "mlx5_0", "use_gpu": true, "numa_node": 0, "mr_num": 1, "buf_num": 2, "buf_size": 116320, "send_wq_depth": 1, "recv_wq_depth": 121, "send_batch": 0, "recv_batch": 48}}]}


tx_vport_rdma_unicast_bytes:  7.9808
rx_vport_rdma_unicast_bytes:  15.465
tx_vport_rdma_unicast_packets:  929729.0
rx_vport_rdma_unicast_packets:  927054.0
tx_prio3_pause_duration:  0.0
rx_prio3_pause_duration:  0.0

latency_samples:  30
latency_min_ns:  176620729.0
latency_avg_ns:  223486445.66666666
latency_median_ns:  223450115.33333334
latency_p95_ns:  247165158.0
latency_p99_ns:  247165158.0
latency_max_ns:  247165158.0

