{"Traffics": [{"process_num": 6, "qp_num": 2, "mtu": 3, "qp_type": "RC", "reqs": "w_3_6176_114560_7008,w_4_20704_26400_20832_3360,", "recvs": "1_127744,4_32288_13024_47392_35040,4_26080_82464_14592_4608,", "client": {"usr": "wfowler", "ip": "192.168.100.2", "ibdev": "mlx5_0", "use_gpu": true, "numa_node": 1, "mr_num": 1, "buf_num": 3, "buf_size": 127744, "send_wq_depth": 410, "recv_wq_depth": 1, "send_batch": 52, "recv_batch": 0}, "server": {"usr": "wfowler", "ip": "192.168.100.1", "ibdev": "mlx5_0", "use_gpu": true, "numa_node": 0, "mr_num": 3, "buf_num": 2, "buf_size": 127744, "send_wq_depth": 1, "recv_wq_depth": 352, "send_batch": 0, "recv_batch": 21}}, {"process_num": 5, "qp_num": 1, "mtu": 3, "qp_type": "RC", "reqs": "w_3_2400_48640_20992,w_4_1760_62464_22784_15360,w_2_24928_50592,w_3_19648_6240_3872,w_4_34944_2560_1696_1408,w_4_46400_29440_3712_2272,", "recvs": "4_79328_5312_13376_4352,", "client": {"usr": "wfowler", "ip": "192.168.100.1", "ibdev": "mlx5_0", "use_gpu": true, "numa_node": 0, "mr_num": 4, "buf_num": 1, "buf_size": 102368, "send_wq_depth": 627, "recv_wq_depth": 1, "send_batch": 34, "recv_batch": 0}, "server": {"usr": "wfowler", "ip": "192.168.100.2", "ibdev": "mlx5_0", "use_gpu": true, "numa_node": 1, "mr_num": 2, "buf_num": 4, "buf_size": 102368, "send_wq_depth": 1, "recv_wq_depth": 201, "send_batch": 0, "recv_batch": 40}}]}


tx_vport_rdma_unicast_bytes:  23.49472
rx_vport_rdma_unicast_bytes:  22.92937
tx_vport_rdma_unicast_packets:  2781956.0
rx_vport_rdma_unicast_packets:  2693447.0
tx_prio3_pause_duration:  0.0
rx_prio3_pause_duration:  0.0

latency_samples:  30
latency_min_ns:  79534718.0
latency_avg_ns:  135842366.0
latency_median_ns:  135767276.0
latency_p95_ns:  164490927.0
latency_p99_ns:  164490927.0
latency_max_ns:  164490927.0

