{"Traffics": [{"process_num": 5, "qp_num": 4, "mtu": 5, "qp_type": "UC", "reqs": "w_3_41568_11008_448,w_4_22848_19584_60512_24960,w_2_129184_1024,w_3_82176_1024_20064,", "recvs": "3_69792_33312_27104,1_130208,", "client": {"usr": "wfowler", "ip": "192.168.100.2", "ibdev": "mlx5_0", "use_gpu": true, "numa_node": 0, "mr_num": 3, "buf_num": 1, "buf_size": 130208, "send_wq_depth": 577, "recv_wq_depth": 1, "send_batch": 48, "recv_batch": 0}, "server": {"usr": "wfowler", "ip": "192.168.100.1", "ibdev": "mlx5_0", "use_gpu": true, "numa_node": 1, "mr_num": 3, "buf_num": 4, "buf_size": 130208, "send_wq_depth": 1, "recv_wq_depth": 141, "send_batch": 0, "recv_batch": 2}}, {"process_num": 6, "qp_num": 4, "mtu": 3, "qp_type": "RC", "reqs": "r_3_58464_1216_416,r_1_112704,r_4_60992_608_416_96,", "recvs": "3_31872_5664_75168,1_114304,1_112704,4_6400_17248_74784_14272,", "client": {"usr": "wfowler", "ip": "192.168.100.2", "ibdev": "mlx5_0", "use_gpu": true, "numa_node": 0, "mr_num": 4, "buf_num": 4, "buf_size": 112704, "send_wq_depth": 659, "recv_wq_depth": 1, "send_batch": 62, "recv_batch": 0}, "server": {"usr": "wfowler", "ip": "192.168.100.2", "ibdev": "mlx5_0", "use_gpu": true, "numa_node": 0, "mr_num": 3, "buf_num": 3, "buf_size": 114304, "send_wq_depth": 1, "recv_wq_depth": 657, "send_batch": 0, "recv_batch": 32}}]}


tx_vport_rdma_unicast_bytes:  14.17332
rx_vport_rdma_unicast_bytes:  8.557139999999999
tx_vport_rdma_unicast_packets:  434030.0
rx_vport_rdma_unicast_packets:  1003223.0
tx_prio3_pause_duration:  0.0
rx_prio3_pause_duration:  0.0

latency_samples:  30
latency_min_ns:  79349727.0
latency_avg_ns:  814708776.3333334
latency_median_ns:  817539598.6666666
latency_p95_ns:  1353236509.0
latency_p99_ns:  1353236509.0
latency_max_ns:  1353236509.0

