{"Traffics": [{"process_num": 5, "qp_num": 2, "mtu": 5, "qp_type": "UC", "reqs": "s_2_1184_2560,s_4_36704_4032_4864_7392,s_4_66240_25536_4512_288,s_4_70944_11744_9152_2688,s_2_11392_116352,s_3_3456_50624_33056,s_4_9856_3296_64_32,s_2_14336_69664,", "recvs": "2_38784_88960,", "client": {"usr": "wfowler", "ip": "192.168.100.2", "ibdev": "mlx5_0", "use_gpu": true, "numa_node": 0, "mr_num": 3, "buf_num": 1, "buf_size": 127744, "send_wq_depth": 42, "recv_wq_depth": 1, "send_batch": 34, "recv_batch": 0}, "server": {"usr": "wfowler", "ip": "192.168.100.1", "ibdev": "mlx5_0", "use_gpu": true, "numa_node": 1, "mr_num": 3, "buf_num": 4, "buf_size": 127744, "send_wq_depth": 1, "recv_wq_depth": 245, "send_batch": 0, "recv_batch": 38}}, {"process_num": 5, "qp_num": 2, "mtu": 3, "qp_type": "UC", "reqs": "w_3_79104_480_3648,w_2_10048_114880,w_3_68192_41120_4256,w_2_45632_23232,w_4_50688_30656_1568_4416,", "recvs": "4_117248_1024_4640_2016,1_124928,", "client": {"usr": "wfowler", "ip": "192.168.100.2", "ibdev": "mlx5_0", "use_gpu": true, "numa_node": 1, "mr_num": 2, "buf_num": 2, "buf_size": 124928, "send_wq_depth": 824, "recv_wq_depth": 1, "send_batch": 44, "recv_batch": 0}, "server": {"usr": "wfowler", "ip": "192.168.100.2", "ibdev": "mlx5_0", "use_gpu": true, "numa_node": 0, "mr_num": 1, "buf_num": 1, "buf_size": 124928, "send_wq_depth": 1, "recv_wq_depth": 894, "send_batch": 0, "recv_batch": 22}}]}


tx_vport_rdma_unicast_bytes:  18.773349999999997
rx_vport_rdma_unicast_bytes:  5.0705
tx_vport_rdma_unicast_packets:  582385.0
rx_vport_rdma_unicast_packets:  586165.0
tx_prio3_pause_duration:  0.0
rx_prio3_pause_duration:  0.0

latency_samples:  30
latency_min_ns:  9945321.0
latency_avg_ns:  71234806.66666667
latency_median_ns:  71397849.0
latency_p95_ns:  192784911.0
latency_p99_ns:  192784911.0
latency_max_ns:  192784911.0

