{"Traffics": [{"process_num": 5, "qp_num": 1, "mtu": 4, "qp_type": "RC", "reqs": "w_2_24096_29216,w_1_70112,w_1_40672,w_4_39808_17184_224_2784,w_1_57408,w_4_4352_7584_352_256,w_1_119776,", "recvs": "2_4352_115424,", "client": {"usr": "wfowler", "ip": "192.168.100.2", "ibdev": "mlx5_0", "use_gpu": true, "numa_node": 0, "mr_num": 4, "buf_num": 4, "buf_size": 119776, "send_wq_depth": 263, "recv_wq_depth": 1, "send_batch": 8, "recv_batch": 0}, "server": {"usr": "wfowler", "ip": "192.168.100.1", "ibdev": "mlx5_0", "use_gpu": true, "numa_node": 0, "mr_num": 3, "buf_num": 3, "buf_size": 119776, "send_wq_depth": 1, "recv_wq_depth": 381, "send_batch": 0, "recv_batch": 17}}, {"process_num": 5, "qp_num": 4, "mtu": 3, "qp_type": "UC", "reqs": "s_1_122848,s_3_2144_32_32,s_2_2496_5344,s_4_21088_23680_1088_4800,s_1_67712,s_4_3040_24480_13536_25632,s_4_69344_39200_672_13920,", "recvs": "1_123136,4_93888_5664_10880_12704,", "client": {"usr": "wfowler", "ip": "192.168.100.1", "ibdev": "mlx5_0", "use_gpu": true, "numa_node": 0, "mr_num": 1, "buf_num": 2, "buf_size": 123136, "send_wq_depth": 640, "recv_wq_depth": 1, "send_batch": 54, "recv_batch": 0}, "server": {"usr": "wfowler", "ip": "192.168.100.2", "ibdev": "mlx5_0", "use_gpu": true, "numa_node": 0, "mr_num": 2, "buf_num": 3, "buf_size": 123136, "send_wq_depth": 1, "recv_wq_depth": 354, "send_batch": 0, "recv_batch": 59}}]}


tx_vport_rdma_unicast_bytes:  0.0
rx_vport_rdma_unicast_bytes:  23.82845
tx_vport_rdma_unicast_packets:  0.0
rx_vport_rdma_unicast_packets:  2768184.0
tx_prio3_pause_duration:  0.0
rx_prio3_pause_duration:  0.0

latency_samples:  30
latency_min_ns:  279908153.0
latency_avg_ns:  376092784.3333333
latency_median_ns:  376211808.3333333
latency_p95_ns:  423690725.0
latency_p99_ns:  423690725.0
latency_max_ns:  423690725.0

