{"Traffics": [{"process_num": 4, "qp_num": 4, "mtu": 4, "qp_type": "UD", "reqs": "s_2_416_512,s_3_544_96_64,s_2_416_32,s_1_1984,s_2_544_160,s_2_480_512,s_1_1856,s_2_608_384,", "recvs": "4_4736_3776_928_1888,2_13536_51936,2_5088_16512,", "client": {"usr": "wfowler", "ip": "192.168.100.2", "ibdev": "mlx5_0", "use_gpu": true, "numa_node": 1, "mr_num": 1, "buf_num": 3, "buf_size": 4096, "send_wq_depth": 349, "recv_wq_depth": 1, "send_batch": 2, "recv_batch": 0}, "server": {"usr": "wfowler", "ip": "192.168.100.1", "ibdev": "mlx5_0", "use_gpu": true, "numa_node": 0, "mr_num": 1, "buf_num": 2, "buf_size": 65472, "send_wq_depth": 1, "recv_wq_depth": 530, "send_batch": 0, "recv_batch": 47}}, {"process_num": 6, "qp_num": 2, "mtu": 3, "qp_type": "RC", "reqs": "w_4_43392_26752_672_17344,w_1_29024,w_3_61152_2016_1568,w_2_46848_11808,w_4_29856_35584_2432_3200,", "recvs": "2_47392_40768,4_18304_76416_736_7072,1_88160,", "client": {"usr": "wfowler", "ip": "192.168.100.2", "ibdev": "mlx5_0", "use_gpu": true, "numa_node": 0, "mr_num": 4, "buf_num": 1, "buf_size": 88160, "send_wq_depth": 273, "recv_wq_depth": 1, "send_batch": 26, "recv_batch": 0}, "server": {"usr": "wfowler", "ip": "192.168.100.2", "ibdev": "mlx5_0", "use_gpu": true, "numa_node": 1, "mr_num": 1, "buf_num": 3, "buf_size": 102528, "send_wq_depth": 1, "recv_wq_depth": 865, "send_batch": 0, "recv_batch": 31}}]}


tx_vport_rdma_unicast_bytes:  7.0043999999999995
rx_vport_rdma_unicast_bytes:  17.12416
tx_vport_rdma_unicast_packets:  766683.0
rx_vport_rdma_unicast_packets:  2034435.0
tx_prio3_pause_duration:  0.0
rx_prio3_pause_duration:  0.0

latency_samples:  30
latency_min_ns:  125455.0
latency_avg_ns:  64301302.333333336
latency_median_ns:  64320064.0
latency_p95_ns:  192784911.0
latency_p99_ns:  192784911.0
latency_max_ns:  192784911.0

