{"Traffics": [{"process_num": 6, "qp_num": 4, "mtu": 3, "qp_type": "UD", "reqs": "s_2_32_32,s_2_672_96,s_4_160_224_32_96,s_1_128,s_2_352_544,s_4_64_32_96_448,", "recvs": "3_12992_2400_12224,3_21728_960_64224,4_94848_13472_7008_3392,", "client": {"usr": "wfowler", "ip": "192.168.100.2", "ibdev": "mlx5_0", "use_gpu": true, "numa_node": 0, "mr_num": 4, "buf_num": 2, "buf_size": 4096, "send_wq_depth": 743, "recv_wq_depth": 1, "send_batch": 7, "recv_batch": 0}, "server": {"usr": "wfowler", "ip": "192.168.100.1", "ibdev": "mlx5_0", "use_gpu": true, "numa_node": 0, "mr_num": 3, "buf_num": 2, "buf_size": 118720, "send_wq_depth": 1, "recv_wq_depth": 797, "send_batch": 0, "recv_batch": 21}}, {"process_num": 6, "qp_num": 1, "mtu": 4, "qp_type": "UC", "reqs": "s_3_17216_16192_6656,s_3_51008_3136_9216,s_1_69024,s_3_3264_1312_1600,s_3_28352_11296_9536,", "recvs": "2_52160_66560,4_52640_1056_2816_12512,4_47072_17312_2784_1856,4_26592_17664_5952_33696,", "client": {"usr": "wfowler", "ip": "192.168.100.1", "ibdev": "mlx5_0", "use_gpu": true, "numa_node": 0, "mr_num": 1, "buf_num": 1, "buf_size": 69024, "send_wq_depth": 244, "recv_wq_depth": 1, "send_batch": 58, "recv_batch": 0}, "server": {"usr": "wfowler", "ip": "192.168.100.2", "ibdev": "mlx5_0", "use_gpu": true, "numa_node": 1, "mr_num": 1, "buf_num": 3, "buf_size": 118720, "send_wq_depth": 1, "recv_wq_depth": 726, "send_batch": 0, "recv_batch": 43}}]}


tx_vport_rdma_unicast_bytes:  20.87125
rx_vport_rdma_unicast_bytes:  0.2903
tx_vport_rdma_unicast_packets:  4598540.0
rx_vport_rdma_unicast_packets:  49938.0
tx_prio3_pause_duration:  0.0
rx_prio3_pause_duration:  0.0

latency_samples:  30
latency_min_ns:  3902403.0
latency_avg_ns:  10473685.666666666
latency_median_ns:  10458199.666666666
latency_p95_ns:  23807238.0
latency_p99_ns:  23807238.0
latency_max_ns:  23807238.0

