{"Traffics": [{"process_num": 5, "qp_num": 2, "mtu": 4, "qp_type": "UC", "reqs": "s_2_2880_64,s_4_83296_288_736_1152,s_2_92416_1952,s_1_6944,s_4_11840_36736_18080_29408,s_4_28704_3232_1632_2240,s_3_16448_512_8128,s_4_3776_18976_2624_25056,", "recvs": "3_65600_23104_7360,", "client": {"usr": "wfowler", "ip": "192.168.100.2", "ibdev": "mlx5_0", "use_gpu": true, "numa_node": 1, "mr_num": 4, "buf_num": 3, "buf_size": 96064, "send_wq_depth": 375, "recv_wq_depth": 1, "send_batch": 34, "recv_batch": 0}, "server": {"usr": "wfowler", "ip": "192.168.100.1", "ibdev": "mlx5_0", "use_gpu": true, "numa_node": 1, "mr_num": 2, "buf_num": 2, "buf_size": 96064, "send_wq_depth": 1, "recv_wq_depth": 342, "send_batch": 0, "recv_batch": 11}}, {"process_num": 5, "qp_num": 4, "mtu": 3, "qp_type": "RC", "reqs": "w_2_29056_36672,w_4_5952_18688_52480_48672,w_4_16928_2752_20096_11648,w_4_5056_61024_11904_33408,w_4_96_23328_704_1888,", "recvs": "2_42624_83168,3_12192_55296_58304,1_125792,3_103616_10048_13312,", "client": {"usr": "wfowler", "ip": "192.168.100.2", "ibdev": "mlx5_0", "use_gpu": true, "numa_node": 1, "mr_num": 3, "buf_num": 2, "buf_size": 125792, "send_wq_depth": 834, "recv_wq_depth": 1, "send_batch": 28, "recv_batch": 0}, "server": {"usr": "wfowler", "ip": "192.168.100.2", "ibdev": "mlx5_0", "use_gpu": true, "numa_node": 1, "mr_num": 3, "buf_num": 1, "buf_size": 126976, "send_wq_depth": 1, "recv_wq_depth": 604, "send_batch": 0, "recv_batch": 48}}]}


tx_vport_rdma_unicast_bytes:  11.20533
rx_vport_rdma_unicast_bytes:  13.00924
tx_vport_rdma_unicast_packets:  678729.0
rx_vport_rdma_unicast_packets:  1522414.0
tx_prio3_pause_duration:  0.0
rx_prio3_pause_duration:  0.0

latency_samples:  30
latency_min_ns:  136154015.0
latency_avg_ns:  389683563.3333333
latency_median_ns:  392945740.0
latency_p95_ns:  844169750.0
latency_p99_ns:  844169750.0
latency_max_ns:  844169750.0

