{"Traffics": [{"process_num": 4, "qp_num": 1, "mtu": 3, "qp_type": "UC", "reqs": "s_4_32_352_32_128,s_2_17792_68480,s_2_1504_2272,s_3_12992_20224_7552,s_3_6528_96_5344,s_4_25440_41344_21120_4032,s_1_57536,", "recvs": "3_6176_71680_21984,2_85952_5984,", "client": {"usr": "wfowler", "ip": "192.168.100.2", "ibdev": "mlx5_0", "use_gpu": true, "numa_node": 1, "mr_num": 4, "buf_num": 2, "buf_size": 91936, "send_wq_depth": 603, "recv_wq_depth": 1, "send_batch": 38, "recv_batch": 0}, "server": {"usr": "wfowler", "ip": "192.168.100.1", "ibdev": "mlx5_0", "use_gpu": true, "numa_node": 0, "mr_num": 2, "buf_num": 2, "buf_size": 99840, "send_wq_depth": 1, "recv_wq_depth": 347, "send_batch": 0, "recv_batch": 23}}, {"process_num": 4, "qp_num": 1, "mtu": 3, "qp_type": "UC", "reqs": "s_3_9376_42368_37856,s_4_28480_640_1600_2720,s_3_13344_17312_8608,", "recvs": "3_58368_9216_22016,4_50816_28512_2496_7776,2_95424_19840,", "client": {"usr": "wfowler", "ip": "192.168.100.1", "ibdev": "mlx5_0", "use_gpu": true, "numa_node": 1, "mr_num": 3, "buf_num": 2, "buf_size": 89600, "send_wq_depth": 184, "recv_wq_depth": 1, "send_batch": 12, "recv_batch": 0}, "server": {"usr": "wfowler", "ip": "192.168.100.2", "ibdev": "mlx5_0", "use_gpu": true, "numa_node": 0, "mr_num": 2, "buf_num": 1, "buf_size": 115264, "send_wq_depth": 1, "recv_wq_depth": 578, "send_batch": 0, "recv_batch": 9}}]}


tx_vport_rdma_unicast_bytes:  23.8262
rx_vport_rdma_unicast_bytes:  23.774759999999997
tx_vport_rdma_unicast_packets:  2780429.0
rx_vport_rdma_unicast_packets:  2760912.0
tx_prio3_pause_duration:  0.0
rx_prio3_pause_duration:  0.0

latency_samples:  30
latency_min_ns:  14148664.0
latency_avg_ns:  28546382.333333332
latency_median_ns:  28682359.333333332
latency_p95_ns:  35738011.0
latency_p99_ns:  35738011.0
latency_max_ns:  35738011.0

