{"Traffics": [{"process_num": 5, "qp_num": 3, "mtu": 3, "qp_type": "UC", "reqs": "w_4_16160_4768_10400_1216,w_1_47904,w_2_32256_11616,w_3_36640_7648_11392,w_4_51872_29216_4832_8000,w_1_81216,w_4_2144_1728_896_160,w_1_95232,", "recvs": "4_8352_66112_12384_29824,2_34720_60512,1_95232,1_95232,", "client": {"usr": "wfowler", "ip": "192.168.100.2", "ibdev": "mlx5_0", "use_gpu": true, "numa_node": 1, "mr_num": 3, "buf_num": 2, "buf_size": 95232, "send_wq_depth": 859, "recv_wq_depth": 1, "send_batch": 21, "recv_batch": 0}, "server": {"usr": "wfowler", "ip": "192.168.100.1", "ibdev": "mlx5_0", "use_gpu": true, "numa_node": 0, "mr_num": 4, "buf_num": 2, "buf_size": 116672, "send_wq_depth": 1, "recv_wq_depth": 801, "send_batch": 0, "recv_batch": 2}}, {"process_num": 6, "qp_num": 2, "mtu": 3, "qp_type": "UC", "reqs": "w_1_41536,w_4_18336_14656_16512_10720,w_2_55776_40032,w_1_43424,w_1_42720,w_1_48576,w_2_22336_37888,w_2_56160_50880,", "recvs": "3_24096_11520_71424,4_39936_20960_18496_27648,3_50368_38336_18336,3_20288_87104_8576,", "client": {"usr": "wfowler", "ip": "192.168.100.1", "ibdev": "mlx5_0", "use_gpu": true, "numa_node": 0, "mr_num": 1, "buf_num": 1, "buf_size": 107040, "send_wq_depth": 25, "recv_wq_depth": 1, "send_batch": 11, "recv_batch": 0}, "server": {"usr": "wfowler", "ip": "192.168.100.2", "ibdev": "mlx5_0", "use_gpu": true, "numa_node": 0, "mr_num": 1, "buf_num": 4, "buf_size": 115968, "send_wq_depth": 1, "recv_wq_depth": 871, "send_batch": 0, "recv_batch": 26}}]}


tx_vport_rdma_unicast_bytes:  24.338330000000003
rx_vport_rdma_unicast_bytes:  23.31279
tx_vport_rdma_unicast_packets:  2825188.0
rx_vport_rdma_unicast_packets:  2699044.0
tx_prio3_pause_duration:  0.0
rx_prio3_pause_duration:  0.0

latency_samples:  30
latency_min_ns:  5716871.0
latency_avg_ns:  175984802.0
latency_median_ns:  175959041.0
latency_p95_ns:  261245928.0
latency_p99_ns:  261245928.0
latency_max_ns:  261245928.0

