{"Traffics": [{"process_num": 4, "qp_num": 4, "mtu": 3, "qp_type": "UD", "reqs": "s_3_672_32_128,s_4_128_128_64_32,s_1_672,s_2_704_288,s_4_160_32_320_288,s_3_352_128_512,s_3_352_160_224,s_4_160_288_192_288,", "recvs": "2_102816_22848,3_47392_9504_11232,4_48320_32832_1888_2944,2_25504_44864,", "client": {"usr": "wfowler", "ip": "192.168.100.2", "ibdev": "mlx5_0", "use_gpu": true, "numa_node": 1, "mr_num": 2, "buf_num": 3, "buf_size": 4096, "send_wq_depth": 948, "recv_wq_depth": 1, "send_batch": 45, "recv_batch": 0}, "server": {"usr": "wfowler", "ip": "192.168.100.1", "ibdev": "mlx5_0", "use_gpu": true, "numa_node": 1, "mr_num": 4, "buf_num": 2, "buf_size": 125664, "send_wq_depth": 1, "recv_wq_depth": 21, "send_batch": 0, "recv_batch": 6}}, {"process_num": 4, "qp_num": 4, "mtu": 5, "qp_type": "RC", "reqs": "r_4_5984_34144_23264_27808,r_3_49120_21184_52576,r_2_2592_1088,r_4_26016_29984_6944_2176,r_4_58112_36992_2272_2912,r_1_129280,r_1_126784,r_1_101984,", "recvs": "2_114464_14816,4_109984_1952_1376_15968,4_79520_6624_17696_25440,", "client": {"usr": "wfowler", "ip": "192.168.100.2", "ibdev": "mlx5_0", "use_gpu": true, "numa_node": 0, "mr_num": 1, "buf_num": 1, "buf_size": 129280, "send_wq_depth": 380, "recv_wq_depth": 1, "send_batch": 56, "recv_batch": 0}, "server": {"usr": "wfowler", "ip": "192.168.100.2", "ibdev": "mlx5_0", "use_gpu": true, "numa_node": 1, "mr_num": 2, "buf_num": 3, "buf_size": 129280, "send_wq_depth": 1, "recv_wq_depth": 81, "send_batch": 0, "recv_batch": 40}}]}


tx_vport_rdma_unicast_bytes:  4.86781
rx_vport_rdma_unicast_bytes:  18.541529999999998
tx_vport_rdma_unicast_packets:  712502.0
rx_vport_rdma_unicast_packets:  587698.0
tx_prio3_pause_duration:  0.0
rx_prio3_pause_duration:  0.0

latency_samples:  30
latency_min_ns:  5892642.0
latency_avg_ns:  16481434.666666666
latency_median_ns:  16516845.666666666
latency_p95_ns:  22312698.0
latency_p99_ns:  22312698.0
latency_max_ns:  22312698.0

