{"Traffics": [{"process_num": 4, "qp_num": 2, "mtu": 4, "qp_type": "UD", "reqs": "s_4_320_352_864_96,s_1_1216,s_4_1664_96_224_64,s_1_1504,", "recvs": "3_6592_2304_30592,3_20896_4160_60448,", "client": {"usr": "wfowler", "ip": "192.168.100.2", "ibdev": "mlx5_0", "use_gpu": true, "numa_node": 1, "mr_num": 1, "buf_num": 2, "buf_size": 4096, "send_wq_depth": 835, "recv_wq_depth": 1, "send_batch": 11, "recv_batch": 0}, "server": {"usr": "wfowler", "ip": "192.168.100.1", "ibdev": "mlx5_0", "use_gpu": true, "numa_node": 1, "mr_num": 2, "buf_num": 3, "buf_size": 85504, "send_wq_depth": 1, "recv_wq_depth": 603, "send_batch": 0, "recv_batch": 54}}, {"process_num": 6, "qp_num": 1, "mtu": 3, "qp_type": "UC", "reqs": "w_4_37248_30656_31456_12224,w_1_54944,w_4_41568_43904_480_32,w_4_224_896_576_416,w_2_37600_29664,w_2_44448_19616,w_1_127072,w_3_36512_7264_7232,", "recvs": "4_68096_20800_6944_31232,4_83680_33792_7680_1920,", "client": {"usr": "wfowler", "ip": "192.168.100.2", "ibdev": "mlx5_0", "use_gpu": true, "numa_node": 0, "mr_num": 4, "buf_num": 1, "buf_size": 127072, "send_wq_depth": 133, "recv_wq_depth": 1, "send_batch": 5, "recv_batch": 0}, "server": {"usr": "wfowler", "ip": "192.168.100.2", "ibdev": "mlx5_0", "use_gpu": true, "numa_node": 0, "mr_num": 4, "buf_num": 4, "buf_size": 127072, "send_wq_depth": 1, "recv_wq_depth": 486, "send_batch": 0, "recv_batch": 47}}]}


tx_vport_rdma_unicast_bytes:  15.446
rx_vport_rdma_unicast_bytes:  7.552239999999999
tx_vport_rdma_unicast_packets:  1158915.0
rx_vport_rdma_unicast_packets:  873827.0
tx_prio3_pause_duration:  0.0
rx_prio3_pause_duration:  0.0

latency_samples:  30
latency_min_ns:  5659336.0
latency_avg_ns:  59123758.333333336
latency_median_ns:  59083826.666666664
latency_p95_ns:  165707339.0
latency_p99_ns:  165707339.0
latency_max_ns:  165707339.0

