{"Traffics": [{"process_num": 5, "qp_num": 3, "mtu": 3, "qp_type": "RC", "reqs": "s_4_93408_14240_2400_2240,s_4_18528_7264_43616_9664,", "recvs": "3_30688_7584_74016,4_99008_3776_4128_6368,2_85568_26720,4_51200_53088_3680_4320,", "client": {"usr": "wfowler", "ip": "192.168.100.2", "ibdev": "mlx5_0", "use_gpu": true, "numa_node": 1, "mr_num": 2, "buf_num": 3, "buf_size": 112288, "send_wq_depth": 795, "recv_wq_depth": 1, "send_batch": 37, "recv_batch": 0}, "server": {"usr": "wfowler", "ip": "192.168.100.1", "ibdev": "mlx5_0", "use_gpu": true, "numa_node": 1, "mr_num": 1, "buf_num": 2, "buf_size": 113280, "send_wq_depth": 1, "recv_wq_depth": 16, "send_batch": 0, "recv_batch": 17}}, {"process_num": 5, "qp_num": 3, "mtu": 5, "qp_type": "UC", "reqs": "w_4_22720_2304_6144_2048,w_1_896,w_1_93920,w_3_2816_4864_3712,w_1_64896,", "recvs": "4_46208_44032_1248_2432,1_93920,2_87776_6144,", "client": {"usr": "wfowler", "ip": "192.168.100.2", "ibdev": "mlx5_0", "use_gpu": true, "numa_node": 1, "mr_num": 2, "buf_num": 2, "buf_size": 93920, "send_wq_depth": 376, "recv_wq_depth": 1, "send_batch": 47, "recv_batch": 0}, "server": {"usr": "wfowler", "ip": "192.168.100.2", "ibdev": "mlx5_0", "use_gpu": true, "numa_node": 0, "mr_num": 4, "buf_num": 1, "buf_size": 93920, "send_wq_depth": 1, "recv_wq_depth": 204, "send_batch": 0, "recv_batch": 39}}]}


tx_vport_rdma_unicast_bytes:  5.43412
rx_vport_rdma_unicast_bytes:  18.3927
tx_vport_rdma_unicast_packets:  631362.0
rx_vport_rdma_unicast_packets:  586734.0
tx_prio3_pause_duration:  0.0
rx_prio3_pause_duration:  0.0

latency_samples:  30
latency_min_ns:  106273211.0
latency_avg_ns:  512642608.3333333
latency_median_ns:  526919060.0
latency_p95_ns:  1332516787.0
latency_p99_ns:  1332516787.0
latency_max_ns:  1332516787.0

