{"Traffics": [{"process_num": 6, "qp_num": 4, "mtu": 5, "qp_type": "UC", "reqs": "s_2_11424_116992,s_3_34304_33504_15008,s_2_28640_62688,s_3_16544_1056_1728,s_4_99520_2496_928_2080,s_2_10656_28672,s_1_92096,s_1_115456,", "recvs": "3_12800_60160_55456,3_54912_49312_24192,", "client": {"usr": "wfowler", "ip": "192.168.100.2", "ibdev": "mlx5_0", "use_gpu": true, "numa_node": 1, "mr_num": 2, "buf_num": 3, "buf_size": 128416, "send_wq_depth": 447, "recv_wq_depth": 1, "send_batch": 62, "recv_batch": 0}, "server": {"usr": "wfowler", "ip": "192.168.100.1", "ibdev": "mlx5_0", "use_gpu": true, "numa_node": 1, "mr_num": 4, "buf_num": 1, "buf_size": 128416, "send_wq_depth": 1, "recv_wq_depth": 366, "send_batch": 0, "recv_batch": 56}}, {"process_num": 5, "qp_num": 2, "mtu": 3, "qp_type": "RC", "reqs": "w_1_9408,", "recvs": "4_5376_2976_480_576,2_3328_23488,2_12352_39072,4_26624_4800_8672_672,", "client": {"usr": "wfowler", "ip": "192.168.100.1", "ibdev": "mlx5_0", "use_gpu": true, "numa_node": 0, "mr_num": 1, "buf_num": 2, "buf_size": 9408, "send_wq_depth": 575, "recv_wq_depth": 1, "send_batch": 12, "recv_batch": 0}, "server": {"usr": "wfowler", "ip": "192.168.100.2", "ibdev": "mlx5_0", "use_gpu": true, "numa_node": 0, "mr_num": 3, "buf_num": 2, "buf_size": 51424, "send_wq_depth": 1, "recv_wq_depth": 635, "send_batch": 0, "recv_batch": 13}}]}


tx_vport_rdma_unicast_bytes:  23.39321
rx_vport_rdma_unicast_bytes:  25.16778
tx_vport_rdma_unicast_packets:  915714.0
rx_vport_rdma_unicast_packets:  3132190.0
tx_prio3_pause_duration:  0.0
rx_prio3_pause_duration:  0.0

latency_samples:  30
latency_min_ns:  18612612.0
latency_avg_ns:  219454789.66666666
latency_median_ns:  220293174.66666666
latency_p95_ns:  323229623.0
latency_p99_ns:  323229623.0
latency_max_ns:  323229623.0

