{"Traffics": [{"process_num": 4, "qp_num": 1, "mtu": 4, "qp_type": "UD", "reqs": "s_1_480,s_3_384_192_256,s_2_384_192,s_1_768,s_4_224_544_32_64,", "recvs": "3_79904_4640_6592,3_53792_29216_42720,4_11008_2432_1216_32,", "client": {"usr": "wfowler", "ip": "192.168.100.2", "ibdev": "mlx5_0", "use_gpu": true, "numa_node": 1, "mr_num": 2, "buf_num": 1, "buf_size": 4096, "send_wq_depth": 335, "recv_wq_depth": 1, "send_batch": 11, "recv_batch": 0}, "server": {"usr": "wfowler", "ip": "192.168.100.1", "ibdev": "mlx5_0", "use_gpu": true, "numa_node": 0, "mr_num": 3, "buf_num": 4, "buf_size": 125728, "send_wq_depth": 1, "recv_wq_depth": 953, "send_batch": 0, "recv_batch": 54}}, {"process_num": 5, "qp_num": 1, "mtu": 4, "qp_type": "UC", "reqs": "s_4_22048_9440_2912_4352,s_4_55136_896_96_1696,s_2_22656_25440,s_2_57632_20192,s_4_30240_1568_36896_11616,s_3_63232_2848_25920,", "recvs": "1_92000,1_92000,4_97664_19072_320_9440,2_57184_34816,", "client": {"usr": "wfowler", "ip": "192.168.100.1", "ibdev": "mlx5_0", "use_gpu": true, "numa_node": 0, "mr_num": 3, "buf_num": 1, "buf_size": 92000, "send_wq_depth": 321, "recv_wq_depth": 1, "send_batch": 27, "recv_batch": 0}, "server": {"usr": "wfowler", "ip": "192.168.100.2", "ibdev": "mlx5_0", "use_gpu": true, "numa_node": 0, "mr_num": 1, "buf_num": 3, "buf_size": 126496, "send_wq_depth": 1, "recv_wq_depth": 905, "send_batch": 0, "recv_batch": 52}}]}


tx_vport_rdma_unicast_bytes:  24.854689999999998
rx_vport_rdma_unicast_bytes:  0.11996
tx_vport_rdma_unicast_packets:  4034854.0
rx_vport_rdma_unicast_packets:  21362.0
tx_prio3_pause_duration:  0.0
rx_prio3_pause_duration:  0.0

latency_samples:  20
latency_min_ns:  288605.0
latency_avg_ns:  11084341.0
latency_median_ns:  11095715.5
latency_p95_ns:  22126115.0
latency_p99_ns:  22126115.0
latency_max_ns:  22126115.0

