{"Traffics": [{"process_num": 4, "qp_num": 4, "mtu": 3, "qp_type": "UC", "reqs": "w_2_9024_20832,w_2_50400_56512,w_2_512_2816,w_1_111232,w_4_35904_9408_480_33376,w_3_2624_59456_15872,w_3_110560_3072_13504,w_2_14560_736,", "recvs": "1_127136,", "client": {"usr": "wfowler", "ip": "192.168.100.2", "ibdev": "mlx5_0", "use_gpu": true, "numa_node": 0, "mr_num": 4, "buf_num": 3, "buf_size": 127136, "send_wq_depth": 912, "recv_wq_depth": 1, "send_batch": 28, "recv_batch": 0}, "server": {"usr": "wfowler", "ip": "192.168.100.1", "ibdev": "mlx5_0", "use_gpu": true, "numa_node": 1, "mr_num": 1, "buf_num": 1, "buf_size": 127136, "send_wq_depth": 1, "recv_wq_depth": 267, "send_batch": 0, "recv_batch": 16}}, {"process_num": 6, "qp_num": 4, "mtu": 3, "qp_type": "UC", "reqs": "s_1_95392,s_4_24160_44128_2560_21568,s_1_23456,s_2_53792_37120,s_3_53728_1664_12192,", "recvs": "3_54048_31936_9408,4_84480_2432_1760_6720,3_352_93312_1728,3_61600_23072_10720,", "client": {"usr": "wfowler", "ip": "192.168.100.2", "ibdev": "mlx5_0", "use_gpu": true, "numa_node": 0, "mr_num": 1, "buf_num": 3, "buf_size": 95392, "send_wq_depth": 429, "recv_wq_depth": 1, "send_batch": 18, "recv_batch": 0}, "server": {"usr": "wfowler", "ip": "192.168.100.2", "ibdev": "mlx5_0", "use_gpu": true, "numa_node": 1, "mr_num": 1, "buf_num": 2, "buf_size": 95392, "send_wq_depth": 1, "recv_wq_depth": 181, "send_batch": 0, "recv_batch": 12}}]}


tx_vport_rdma_unicast_bytes:  9.730799999999999
rx_vport_rdma_unicast_bytes:  14.10123
tx_vport_rdma_unicast_packets:  1133864.0
rx_vport_rdma_unicast_packets:  1631146.0
tx_prio3_pause_duration:  0.0
rx_prio3_pause_duration:  0.0

latency_samples:  30
latency_min_ns:  35896176.0
latency_avg_ns:  458556994.6666667
latency_median_ns:  480121011.6666667
latency_p95_ns:  977541480.0
latency_p99_ns:  977541480.0
latency_max_ns:  977541480.0

