{"Traffics": [{"process_num": 5, "qp_num": 3, "mtu": 3, "qp_type": "UC", "reqs": "w_3_13984_16192_2784,w_4_42688_16384_26432_11296,w_3_224_8128_6592,w_2_53344_8064,", "recvs": "4_74848_21856_32_64,4_25312_59168_7072_31264,3_46336_39584_37024,3_43328_33216_20256,", "client": {"usr": "wfowler", "ip": "192.168.100.2", "ibdev": "mlx5_0", "use_gpu": true, "numa_node": 0, "mr_num": 2, "buf_num": 2, "buf_size": 96800, "send_wq_depth": 271, "recv_wq_depth": 1, "send_batch": 42, "recv_batch": 0}, "server": {"usr": "wfowler", "ip": "192.168.100.1", "ibdev": "mlx5_0", "use_gpu": true, "numa_node": 0, "mr_num": 4, "buf_num": 1, "buf_size": 122944, "send_wq_depth": 1, "recv_wq_depth": 614, "send_batch": 0, "recv_batch": 43}}, {"process_num": 5, "qp_num": 3, "mtu": 5, "qp_type": "UC", "reqs": "w_3_672_24352_11104,w_4_37120_288_9344_14080,w_2_18336_50336,w_4_6976_17760_1088_3232,w_1_57248,w_1_76576,w_4_57408_16800_34752_15648,", "recvs": "1_124608,4_86432_28128_3872_6176,", "client": {"usr": "wfowler", "ip": "192.168.100.1", "ibdev": "mlx5_0", "use_gpu": true, "numa_node": 1, "mr_num": 2, "buf_num": 2, "buf_size": 124608, "send_wq_depth": 652, "recv_wq_depth": 1, "send_batch": 18, "recv_batch": 0}, "server": {"usr": "wfowler", "ip": "192.168.100.2", "ibdev": "mlx5_0", "use_gpu": true, "numa_node": 0, "mr_num": 4, "buf_num": 1, "buf_size": 124608, "send_wq_depth": 1, "recv_wq_depth": 573, "send_batch": 0, "recv_batch": 43}}]}


tx_vport_rdma_unicast_bytes:  22.57815
rx_vport_rdma_unicast_bytes:  0.02231
tx_vport_rdma_unicast_packets:  2628680.0
rx_vport_rdma_unicast_packets:  6255.0
tx_prio3_pause_duration:  0.0
rx_prio3_pause_duration:  0.0

latency_samples:  30
latency_min_ns:  74658364.0
latency_avg_ns:  126003563.0
latency_median_ns:  126055610.66666667
latency_p95_ns:  230816271.0
latency_p99_ns:  230816271.0
latency_max_ns:  230816271.0

