{"Traffics": [{"process_num": 6, "qp_num": 4, "mtu": 5, "qp_type": "UC", "reqs": "w_1_88800,w_1_69984,w_2_7040_9440,w_3_13984_14080_38816,w_4_4064_24576_12640_960,w_2_5376_30176,w_1_23552,w_2_102720_22208,", "recvs": "1_124928,1_124928,4_47104_14368_44992_18464,3_103776_5888_15264,", "client": {"usr": "wfowler", "ip": "192.168.100.2", "ibdev": "mlx5_0", "use_gpu": true, "numa_node": 0, "mr_num": 3, "buf_num": 1, "buf_size": 124928, "send_wq_depth": 744, "recv_wq_depth": 1, "send_batch": 33, "recv_batch": 0}, "server": {"usr": "wfowler", "ip": "192.168.100.1", "ibdev": "mlx5_0", "use_gpu": true, "numa_node": 0, "mr_num": 2, "buf_num": 4, "buf_size": 124928, "send_wq_depth": 1, "recv_wq_depth": 668, "send_batch": 0, "recv_batch": 45}}, {"process_num": 5, "qp_num": 1, "mtu": 4, "qp_type": "UC", "reqs": "w_1_94720,w_4_95712_24960_768_5600,w_2_53920_26400,", "recvs": "3_13312_107328_6400,", "client": {"usr": "wfowler", "ip": "192.168.100.1", "ibdev": "mlx5_0", "use_gpu": true, "numa_node": 0, "mr_num": 3, "buf_num": 4, "buf_size": 127040, "send_wq_depth": 606, "recv_wq_depth": 1, "send_batch": 27, "recv_batch": 0}, "server": {"usr": "wfowler", "ip": "192.168.100.2", "ibdev": "mlx5_0", "use_gpu": true, "numa_node": 1, "mr_num": 2, "buf_num": 2, "buf_size": 127040, "send_wq_depth": 1, "recv_wq_depth": 278, "send_batch": 0, "recv_batch": 15}}]}


tx_vport_rdma_unicast_bytes:  24.11817
rx_vport_rdma_unicast_bytes:  0.09043000000000001
tx_vport_rdma_unicast_packets:  754572.0
rx_vport_rdma_unicast_packets:  28026.0
tx_prio3_pause_duration:  0.0
rx_prio3_pause_duration:  0.0

latency_samples:  30
latency_min_ns:  110822928.0
latency_avg_ns:  276799903.0
latency_median_ns:  278891993.3333333
latency_p95_ns:  364547687.0
latency_p99_ns:  364547687.0
latency_max_ns:  364547687.0

