{"Traffics": [{"process_num": 6, "qp_num": 3, "mtu": 5, "qp_type": "UC", "reqs": "s_4_6048_17920_4544_13088,s_4_29088_800_256_288,s_2_45440_62560,s_2_12384_27968,s_3_18816_2432_8000,s_4_80640_21216_32_576,", "recvs": "2_51360_56640,2_68032_39968,4_54304_35520_6080_12096,", "client": {"usr": "wfowler", "ip": "192.168.100.2", "ibdev": "mlx5_0", "use_gpu": true, "numa_node": 0, "mr_num": 2, "buf_num": 3, "buf_size": 108000, "send_wq_depth": 559, "recv_wq_depth": 1, "send_batch": 60, "recv_batch": 0}, "server": {"usr": "wfowler", "ip": "192.168.100.1", "ibdev": "mlx5_0", "use_gpu": true, "numa_node": 0, "mr_num": 4, "buf_num": 2, "buf_size": 108000, "send_wq_depth": 1, "recv_wq_depth": 232, "send_batch": 0, "recv_batch": 50}}, {"process_num": 5, "qp_num": 2, "mtu": 3, "qp_type": "RC", "reqs": "w_4_77408_3200_2048_11680,w_3_14208_2464_8768,w_4_51328_20800_1440_1568,w_2_23392_1280,", "recvs": "2_1056_93280,2_6144_88192,3_68544_18656_7136,4_52096_33280_512_8448,", "client": {"usr": "wfowler", "ip": "192.168.100.2", "ibdev": "mlx5_0", "use_gpu": true, "numa_node": 1, "mr_num": 3, "buf_num": 4, "buf_size": 94336, "send_wq_depth": 226, "recv_wq_depth": 1, "send_batch": 3, "recv_batch": 0}, "server": {"usr": "wfowler", "ip": "192.168.100.2", "ibdev": "mlx5_0", "use_gpu": true, "numa_node": 1, "mr_num": 4, "buf_num": 3, "buf_size": 94336, "send_wq_depth": 1, "recv_wq_depth": 868, "send_batch": 0, "recv_batch": 2}}]}


tx_vport_rdma_unicast_bytes:  20.93848
rx_vport_rdma_unicast_bytes:  3.17529
tx_vport_rdma_unicast_packets:  659245.0
rx_vport_rdma_unicast_packets:  375598.0
tx_prio3_pause_duration:  0.0
rx_prio3_pause_duration:  0.0

latency_samples:  30
latency_min_ns:  1128602.0
latency_avg_ns:  193222730.0
latency_median_ns:  193419282.0
latency_p95_ns:  350570398.0
latency_p99_ns:  350570398.0
latency_max_ns:  350570398.0

