{"Traffics": [{"process_num": 5, "qp_num": 3, "mtu": 3, "qp_type": "RC", "reqs": "r_3_10880_18272_37088,r_3_19360_14752_6304,r_3_19424_15168_44800,r_3_14176_13472_20096,r_2_15872_38656,r_3_71360_9344_15744,r_3_9536_36288_33472,", "recvs": "2_65312_42496,4_99744_3520_16704_5504,", "client": {"usr": "wfowler", "ip": "192.168.100.2", "ibdev": "mlx5_0", "use_gpu": true, "numa_node": 0, "mr_num": 2, "buf_num": 2, "buf_size": 96448, "send_wq_depth": 359, "recv_wq_depth": 1, "send_batch": 21, "recv_batch": 0}, "server": {"usr": "wfowler", "ip": "192.168.100.1", "ibdev": "mlx5_0", "use_gpu": true, "numa_node": 0, "mr_num": 2, "buf_num": 2, "buf_size": 125472, "send_wq_depth": 1, "recv_wq_depth": 793, "send_batch": 0, "recv_batch": 19}}, {"process_num": 5, "qp_num": 1, "mtu": 5, "qp_type": "UC", "reqs": "s_2_27200_84512,s_1_128448,", "recvs": "4_56704_45632_15776_10336,4_23552_81248_1600_22048,", "client": {"usr": "wfowler", "ip": "192.168.100.2", "ibdev": "mlx5_0", "use_gpu": true, "numa_node": 0, "mr_num": 1, "buf_num": 1, "buf_size": 128448, "send_wq_depth": 197, "recv_wq_depth": 1, "send_batch": 56, "recv_batch": 0}, "server": {"usr": "wfowler", "ip": "192.168.100.2", "ibdev": "mlx5_0", "use_gpu": true, "numa_node": 0, "mr_num": 4, "buf_num": 2, "buf_size": 128448, "send_wq_depth": 1, "recv_wq_depth": 160, "send_batch": 0, "recv_batch": 34}}]}


tx_vport_rdma_unicast_bytes:  0.02488
rx_vport_rdma_unicast_bytes:  46.463370000000005
tx_vport_rdma_unicast_packets:  42028.0
rx_vport_rdma_unicast_packets:  3445223.0
tx_prio3_pause_duration:  0.0
rx_prio3_pause_duration:  0.0

latency_samples:  30
latency_min_ns:  5453614.0
latency_avg_ns:  57765949.333333336
latency_median_ns:  57871920.333333336
latency_p95_ns:  131112695.0
latency_p99_ns:  131112695.0
latency_max_ns:  131112695.0

