{"Traffics": [{"process_num": 4, "qp_num": 3, "mtu": 5, "qp_type": "UC", "reqs": "w_3_54944_22880_40512,w_1_38368,w_2_64640_39712,w_3_26528_13472_15968,w_4_9216_1920_1472_4096,w_3_29504_6624_1024,w_4_30464_14048_6048_80000,w_4_52416_544_32864_17216,", "recvs": "4_85472_29120_14336_1632,2_36896_93664,", "client": {"usr": "wfowler", "ip": "192.168.100.2", "ibdev": "mlx5_0", "use_gpu": true, "numa_node": 1, "mr_num": 1, "buf_num": 3, "buf_size": 130560, "send_wq_depth": 162, "recv_wq_depth": 1, "send_batch": 58, "recv_batch": 0}, "server": {"usr": "wfowler", "ip": "192.168.100.1", "ibdev": "mlx5_0", "use_gpu": true, "numa_node": 0, "mr_num": 1, "buf_num": 2, "buf_size": 130560, "send_wq_depth": 1, "recv_wq_depth": 933, "send_batch": 0, "recv_batch": 22}}, {"process_num": 5, "qp_num": 1, "mtu": 5, "qp_type": "RC", "reqs": "s_2_11008_49280,", "recvs": "3_117792_3200_5824,2_15328_49536,1_60288,", "client": {"usr": "wfowler", "ip": "192.168.100.2", "ibdev": "mlx5_0", "use_gpu": true, "numa_node": 0, "mr_num": 2, "buf_num": 4, "buf_size": 60288, "send_wq_depth": 841, "recv_wq_depth": 1, "send_batch": 37, "recv_batch": 0}, "server": {"usr": "wfowler", "ip": "192.168.100.2", "ibdev": "mlx5_0", "use_gpu": true, "numa_node": 0, "mr_num": 2, "buf_num": 1, "buf_size": 126816, "send_wq_depth": 1, "recv_wq_depth": 525, "send_batch": 0, "recv_batch": 40}}]}


tx_vport_rdma_unicast_bytes:  16.9023
rx_vport_rdma_unicast_bytes:  7.131489999999999
tx_vport_rdma_unicast_packets:  523517.0
rx_vport_rdma_unicast_packets:  237008.0
tx_prio3_pause_duration:  0.0
rx_prio3_pause_duration:  0.0

latency_samples:  30
latency_min_ns:  68636343.0
latency_avg_ns:  218419721.33333334
latency_median_ns:  218503514.33333334
latency_p95_ns:  293434463.0
latency_p99_ns:  293434463.0
latency_max_ns:  293434463.0

