{"Traffics": [{"process_num": 4, "qp_num": 3, "mtu": 4, "qp_type": "RC", "reqs": "s_4_864_160_512_288,s_2_2336_36896,s_3_48736_10432_39872,s_3_30592_59648_28288,s_4_8480_4576_1024_2400,s_4_2240_25216_6432_3104,s_2_15040_48736,", "recvs": "2_2720_115808,4_81120_7008_20352_10048,1_118528,", "client": {"usr": "wfowler", "ip": "192.168.100.2", "ibdev": "mlx5_0", "use_gpu": false, "numa_node": 0, "mr_num": 2, "buf_num": 3, "buf_size": 118528, "send_wq_depth": 906, "recv_wq_depth": 1, "send_batch": 22, "recv_batch": 0}, "server": {"usr": "wfowler", "ip": "192.168.100.1", "ibdev": "mlx5_0", "use_gpu": false, "numa_node": 1, "mr_num": 4, "buf_num": 3, "buf_size": 118528, "send_wq_depth": 1, "recv_wq_depth": 840, "send_batch": 0, "recv_batch": 21}}, {"process_num": 5, "qp_num": 4, "mtu": 3, "qp_type": "UC", "reqs": "s_3_22720_15104_39808,s_3_93024_15968_1440,s_2_43392_70656,s_3_98976_544_12576,", "recvs": "1_114048,1_114048,2_101952_12096,4_107168_6368_480_32,", "client": {"usr": "wfowler", "ip": "192.168.100.1", "ibdev": "mlx5_0", "use_gpu": false, "numa_node": 1, "mr_num": 1, "buf_num": 2, "buf_size": 114048, "send_wq_depth": 199, "recv_wq_depth": 1, "send_batch": 2, "recv_batch": 0}, "server": {"usr": "wfowler", "ip": "192.168.100.2", "ibdev": "mlx5_0", "use_gpu": false, "numa_node": 1, "mr_num": 3, "buf_num": 2, "buf_size": 114048, "send_wq_depth": 1, "recv_wq_depth": 258, "send_batch": 0, "recv_batch": 17}}]}


tx_vport_rdma_unicast_bytes:  25.76351
rx_vport_rdma_unicast_bytes:  25.57989
tx_vport_rdma_unicast_packets:  1565362.0
rx_vport_rdma_unicast_packets:  3024430.0
tx_prio3_pause_duration:  0.0
rx_prio3_pause_duration:  0.0

