{"Traffics": [{"process_num": 6, "qp_num": 4, "mtu": 3, "qp_type": "RC", "reqs": "w_2_59968_16704,w_4_21504_23680_3072_800,w_2_36992_16000,w_4_33376_3264_3040_448,w_2_512_47776,w_1_131072,w_2_34848_15392,", "recvs": "2_3648_127424,3_4096_53312_73664,", "client": {"usr": "wfowler", "ip": "192.168.100.2", "ibdev": "mlx5_0", "use_gpu": true, "numa_node": 0, "mr_num": 2, "buf_num": 2, "buf_size": 131072, "send_wq_depth": 186, "recv_wq_depth": 1, "send_batch": 5, "recv_batch": 0}, "server": {"usr": "wfowler", "ip": "192.168.100.1", "ibdev": "mlx5_0", "use_gpu": true, "numa_node": 1, "mr_num": 4, "buf_num": 3, "buf_size": 131072, "send_wq_depth": 1, "recv_wq_depth": 585, "send_batch": 0, "recv_batch": 56}}, {"process_num": 5, "qp_num": 2, "mtu": 4, "qp_type": "UC", "reqs": "w_4_50784_26528_20160_3264,w_2_22752_15264,w_2_25696_63360,w_4_6048_4096_96_1024,w_1_41824,w_1_8128,w_4_12512_60832_10848_46560,w_2_53152_27840,", "recvs": "2_114624_16128,", "client": {"usr": "wfowler", "ip": "192.168.100.1", "ibdev": "mlx5_0", "use_gpu": true, "numa_node": 1, "mr_num": 2, "buf_num": 3, "buf_size": 130752, "send_wq_depth": 220, "recv_wq_depth": 1, "send_batch": 43, "recv_batch": 0}, "server": {"usr": "wfowler", "ip": "192.168.100.2", "ibdev": "mlx5_0", "use_gpu": true, "numa_node": 0, "mr_num": 3, "buf_num": 3, "buf_size": 130752, "send_wq_depth": 1, "recv_wq_depth": 474, "send_batch": 0, "recv_batch": 64}}]}


tx_vport_rdma_unicast_bytes:  23.45815
rx_vport_rdma_unicast_bytes:  0.2975
tx_vport_rdma_unicast_packets:  2727325.0
rx_vport_rdma_unicast_packets:  95024.0
tx_prio3_pause_duration:  0.0
rx_prio3_pause_duration:  0.0

latency_samples:  30
latency_min_ns:  48031977.0
latency_avg_ns:  86556789.66666667
latency_median_ns:  87478838.0
latency_p95_ns:  108598919.0
latency_p99_ns:  108598919.0
latency_max_ns:  108598919.0

