{"Traffics": [{"process_num": 4, "qp_num": 3, "mtu": 5, "qp_type": "UC", "reqs": "s_3_24640_20960_2080,s_4_12960_3424_3520_4064,s_4_62176_26144_544_5792,s_3_22176_59744_8448,s_1_47328,s_2_25152_5088,s_2_14976_26464,s_4_352_1536_128_32,", "recvs": "3_10944_53760_29952,3_12448_37408_60352,1_94656,2_3680_90976,", "client": {"usr": "wfowler", "ip": "192.168.100.2", "ibdev": "mlx5_0", "use_gpu": true, "numa_node": 0, "mr_num": 1, "buf_num": 3, "buf_size": 94656, "send_wq_depth": 874, "recv_wq_depth": 1, "send_batch": 54, "recv_batch": 0}, "server": {"usr": "wfowler", "ip": "192.168.100.1", "ibdev": "mlx5_0", "use_gpu": true, "numa_node": 0, "mr_num": 3, "buf_num": 1, "buf_size": 110208, "send_wq_depth": 1, "recv_wq_depth": 448, "send_batch": 0, "recv_batch": 62}}, {"process_num": 4, "qp_num": 1, "mtu": 3, "qp_type": "UD", "reqs": "s_1_544,s_3_192_64_64,s_4_160_96_64_32,s_1_704,s_3_256_224_128,s_3_416_64_64,s_3_64_32_96,", "recvs": "1_84384,1_96000,", "client": {"usr": "wfowler", "ip": "192.168.100.2", "ibdev": "mlx5_0", "use_gpu": true, "numa_node": 0, "mr_num": 2, "buf_num": 4, "buf_size": 4096, "send_wq_depth": 964, "recv_wq_depth": 1, "send_batch": 3, "recv_batch": 0}, "server": {"usr": "wfowler", "ip": "192.168.100.2", "ibdev": "mlx5_0", "use_gpu": true, "numa_node": 0, "mr_num": 4, "buf_num": 4, "buf_size": 96000, "send_wq_depth": 1, "recv_wq_depth": 985, "send_batch": 0, "recv_batch": 46}}]}


tx_vport_rdma_unicast_bytes:  21.36241
rx_vport_rdma_unicast_bytes:  0.9672200000000001
tx_vport_rdma_unicast_packets:  675667.0
rx_vport_rdma_unicast_packets:  225446.0
tx_prio3_pause_duration:  0.0
rx_prio3_pause_duration:  0.0

latency_samples:  30
latency_min_ns:  17560077.0
latency_avg_ns:  26385303.333333332
latency_median_ns:  26362019.333333332
latency_p95_ns:  44290574.0
latency_p99_ns:  44290574.0
latency_max_ns:  44290574.0

