{"Traffics": [{"process_num": 5, "qp_num": 1, "mtu": 4, "qp_type": "UC", "reqs": "s_4_23744_27008_35168_43776,s_4_224_32_128_32,", "recvs": "1_129696,3_27008_76064_26624,3_59072_4800_65824,4_33504_57952_38016_224,", "client": {"usr": "wfowler", "ip": "192.168.100.2", "ibdev": "mlx5_0", "use_gpu": true, "numa_node": 0, "mr_num": 3, "buf_num": 1, "buf_size": 129696, "send_wq_depth": 750, "recv_wq_depth": 1, "send_batch": 20, "recv_batch": 0}, "server": {"usr": "wfowler", "ip": "192.168.100.1", "ibdev": "mlx5_0", "use_gpu": true, "numa_node": 0, "mr_num": 3, "buf_num": 3, "buf_size": 129696, "send_wq_depth": 1, "recv_wq_depth": 442, "send_batch": 0, "recv_batch": 27}}, {"process_num": 5, "qp_num": 1, "mtu": 3, "qp_type": "UC", "reqs": "w_4_54240_160_288_480,w_3_23168_93312_10720,w_1_29152,w_1_101088,w_4_3936_34816_1056_8128,w_1_4832,w_2_6432_6848,", "recvs": "4_102208_11648_3520_9824,2_87136_40064,", "client": {"usr": "wfowler", "ip": "192.168.100.1", "ibdev": "mlx5_0", "use_gpu": true, "numa_node": 0, "mr_num": 4, "buf_num": 1, "buf_size": 127200, "send_wq_depth": 649, "recv_wq_depth": 1, "send_batch": 14, "recv_batch": 0}, "server": {"usr": "wfowler", "ip": "192.168.100.2", "ibdev": "mlx5_0", "use_gpu": true, "numa_node": 1, "mr_num": 3, "buf_num": 2, "buf_size": 127200, "send_wq_depth": 1, "recv_wq_depth": 501, "send_batch": 0, "recv_batch": 11}}]}


tx_vport_rdma_unicast_bytes:  23.783279999999998
rx_vport_rdma_unicast_bytes:  24.10869
tx_vport_rdma_unicast_packets:  1443357.0
rx_vport_rdma_unicast_packets:  2789859.0
tx_prio3_pause_duration:  0.0
rx_prio3_pause_duration:  0.0

latency_samples:  30
latency_min_ns:  64644689.0
latency_avg_ns:  80194294.33333333
latency_median_ns:  80086103.33333333
latency_p95_ns:  88406365.0
latency_p99_ns:  88406365.0
latency_max_ns:  88406365.0

