{"Traffics": [{"process_num": 5, "qp_num": 1, "mtu": 5, "qp_type": "UC", "reqs": "w_3_43040_1888_6656,", "recvs": "4_92576_8224_1632_10496,4_54048_27840_44608_3776,1_128928,3_70272_39136_5152,", "client": {"usr": "wfowler", "ip": "192.168.100.2", "ibdev": "mlx5_0", "use_gpu": true, "numa_node": 1, "mr_num": 1, "buf_num": 2, "buf_size": 51584, "send_wq_depth": 1010, "recv_wq_depth": 1, "send_batch": 57, "recv_batch": 0}, "server": {"usr": "wfowler", "ip": "192.168.100.1", "ibdev": "mlx5_0", "use_gpu": true, "numa_node": 0, "mr_num": 3, "buf_num": 2, "buf_size": 130272, "send_wq_depth": 1, "recv_wq_depth": 878, "send_batch": 0, "recv_batch": 50}}, {"process_num": 6, "qp_num": 4, "mtu": 3, "qp_type": "UC", "reqs": "s_1_112672,s_3_21120_4416_2528,s_3_96800_4800_3744,s_2_8192_104544,s_2_18048_25216,s_3_19232_48928_11424,s_2_45504_52864,s_1_2816,", "recvs": "4_74944_27008_8928_10912,1_112736,", "client": {"usr": "wfowler", "ip": "192.168.100.2", "ibdev": "mlx5_0", "use_gpu": true, "numa_node": 1, "mr_num": 2, "buf_num": 4, "buf_size": 112736, "send_wq_depth": 728, "recv_wq_depth": 1, "send_batch": 11, "recv_batch": 0}, "server": {"usr": "wfowler", "ip": "192.168.100.2", "ibdev": "mlx5_0", "use_gpu": true, "numa_node": 1, "mr_num": 4, "buf_num": 4, "buf_size": 121792, "send_wq_depth": 1, "recv_wq_depth": 606, "send_batch": 0, "recv_batch": 14}}]}


tx_vport_rdma_unicast_bytes:  9.705459999999999
rx_vport_rdma_unicast_bytes:  14.48757
tx_vport_rdma_unicast_packets:  301246.0
rx_vport_rdma_unicast_packets:  1680824.0
tx_prio3_pause_duration:  0.0
rx_prio3_pause_duration:  0.0

latency_samples:  30
latency_min_ns:  57818440.0
latency_avg_ns:  542682462.3333334
latency_median_ns:  545565559.6666666
latency_p95_ns:  793237313.0
latency_p99_ns:  793237313.0
latency_max_ns:  793237313.0

