{"Traffics": [{"process_num": 6, "qp_num": 1, "mtu": 3, "qp_type": "RC", "reqs": "r_3_192_3168_896,r_3_96_1856_512,r_4_51392_29664_2272_160,r_2_1472_1152,r_3_37440_21568_2688,r_4_10336_19264_3136_4928,r_3_46976_3200_4640,r_4_37472_11584_2848_20224,", "recvs": "3_49728_29728_14784,4_9184_41504_18976_13824,4_17856_23136_5152_37344,", "client": {"usr": "wfowler", "ip": "192.168.100.2", "ibdev": "mlx5_0", "use_gpu": false, "numa_node": 1, "mr_num": 3, "buf_num": 4, "buf_size": 83488, "send_wq_depth": 746, "recv_wq_depth": 1, "send_batch": 3, "recv_batch": 0}, "server": {"usr": "wfowler", "ip": "192.168.100.1", "ibdev": "mlx5_0", "use_gpu": false, "numa_node": 0, "mr_num": 4, "buf_num": 3, "buf_size": 94240, "send_wq_depth": 1, "recv_wq_depth": 518, "send_batch": 0, "recv_batch": 20}}, {"process_num": 6, "qp_num": 2, "mtu": 3, "qp_type": "UC", "reqs": "w_1_127360,w_4_60576_10848_768_4032,w_1_98240,w_4_53824_30976_4064_2720,w_4_51968_62304_7552_1184,", "recvs": "1_127360,2_46112_81248,", "client": {"usr": "wfowler", "ip": "192.168.100.1", "ibdev": "mlx5_0", "use_gpu": false, "numa_node": 1, "mr_num": 4, "buf_num": 4, "buf_size": 127360, "send_wq_depth": 169, "recv_wq_depth": 1, "send_batch": 54, "recv_batch": 0}, "server": {"usr": "wfowler", "ip": "192.168.100.2", "ibdev": "mlx5_0", "use_gpu": false, "numa_node": 1, "mr_num": 4, "buf_num": 3, "buf_size": 127360, "send_wq_depth": 1, "recv_wq_depth": 997, "send_batch": 0, "recv_batch": 6}}]}


tx_vport_rdma_unicast_bytes:  0.01532
rx_vport_rdma_unicast_bytes:  25.77292
tx_vport_rdma_unicast_packets:  25884.0
rx_vport_rdma_unicast_packets:  2989102.0
tx_prio3_pause_duration:  0.0
rx_prio3_pause_duration:  0.0

