{"Traffics": [{"process_num": 4, "qp_num": 1, "mtu": 5, "qp_type": "UD", "reqs": "s_3_992_736_320,s_3_1024_288_224,s_4_3328_160_32_256,", "recvs": "3_42784_47648_128,3_576_31520_6304,3_5664_23264_20192,", "client": {"usr": "wfowler", "ip": "192.168.100.2", "ibdev": "mlx5_0", "use_gpu": true, "numa_node": 0, "mr_num": 3, "buf_num": 3, "buf_size": 4096, "send_wq_depth": 826, "recv_wq_depth": 1, "send_batch": 20, "recv_batch": 0}, "server": {"usr": "wfowler", "ip": "192.168.100.1", "ibdev": "mlx5_0", "use_gpu": true, "numa_node": 1, "mr_num": 3, "buf_num": 2, "buf_size": 90560, "send_wq_depth": 1, "recv_wq_depth": 160, "send_batch": 0, "recv_batch": 30}}, {"process_num": 5, "qp_num": 2, "mtu": 3, "qp_type": "RC", "reqs": "s_3_37376_18976_51360,s_3_29120_38144_16640,s_3_15808_18880_4320,s_3_25312_31488_55008,s_3_11424_21984_1216,s_4_46240_27936_33984_6688,s_3_4576_48192_48544,", "recvs": "2_6944_107904,2_42720_72128,3_80256_1792_32800,", "client": {"usr": "wfowler", "ip": "192.168.100.2", "ibdev": "mlx5_0", "use_gpu": true, "numa_node": 1, "mr_num": 3, "buf_num": 2, "buf_size": 114848, "send_wq_depth": 305, "recv_wq_depth": 1, "send_batch": 15, "recv_batch": 0}, "server": {"usr": "wfowler", "ip": "192.168.100.2", "ibdev": "mlx5_0", "use_gpu": true, "numa_node": 1, "mr_num": 2, "buf_num": 4, "buf_size": 114848, "send_wq_depth": 1, "recv_wq_depth": 346, "send_batch": 0, "recv_batch": 7}}]}


tx_vport_rdma_unicast_bytes:  11.214139999999999
rx_vport_rdma_unicast_bytes:  12.165659999999999
tx_vport_rdma_unicast_packets:  556405.0
rx_vport_rdma_unicast_packets:  1432683.0
tx_prio3_pause_duration:  0.0
rx_prio3_pause_duration:  0.0

