{"Traffics": [{"process_num": 5, "qp_num": 3, "mtu": 3, "qp_type": "RC", "reqs": "r_2_86176_31072,r_1_100192,r_2_30400_24064,r_1_91392,r_3_24960_11488_42528,r_1_32960,r_1_38624,", "recvs": "2_88416_28832,2_96480_20768,2_76800_40448,4_92672_16864_5568_2144,", "client": {"usr": "wfowler", "ip": "192.168.100.2", "ibdev": "mlx5_0", "use_gpu": true, "numa_node": 0, "mr_num": 3, "buf_num": 1, "buf_size": 117248, "send_wq_depth": 819, "recv_wq_depth": 1, "send_batch": 16, "recv_batch": 0}, "server": {"usr": "wfowler", "ip": "192.168.100.1", "ibdev": "mlx5_0", "use_gpu": true, "numa_node": 1, "mr_num": 2, "buf_num": 4, "buf_size": 117248, "send_wq_depth": 1, "recv_wq_depth": 433, "send_batch": 0, "recv_batch": 46}}, {"process_num": 6, "qp_num": 4, "mtu": 4, "qp_type": "UC", "reqs": "w_3_70368_2272_928,w_1_50624,w_4_103200_224_736_96,w_3_32_352_32,w_1_58976,w_4_448_512_29344_15744,w_4_16128_6336_32_2304,", "recvs": "4_5824_23808_9184_65440,4_66816_6720_9984_20736,2_88000_16256,", "client": {"usr": "wfowler", "ip": "192.168.100.2", "ibdev": "mlx5_0", "use_gpu": true, "numa_node": 1, "mr_num": 4, "buf_num": 4, "buf_size": 104256, "send_wq_depth": 326, "recv_wq_depth": 1, "send_batch": 17, "recv_batch": 0}, "server": {"usr": "wfowler", "ip": "192.168.100.2", "ibdev": "mlx5_0", "use_gpu": true, "numa_node": 0, "mr_num": 4, "buf_num": 2, "buf_size": 104256, "send_wq_depth": 1, "recv_wq_depth": 52, "send_batch": 0, "recv_batch": 3}}]}


tx_vport_rdma_unicast_bytes:  0.02348
rx_vport_rdma_unicast_bytes:  47.63617
tx_vport_rdma_unicast_packets:  39670.0
rx_vport_rdma_unicast_packets:  4246322.0
tx_prio3_pause_duration:  0.0
rx_prio3_pause_duration:  0.0

latency_samples:  30
latency_min_ns:  27823890.0
latency_avg_ns:  107258173.66666667
latency_median_ns:  107441743.66666667
latency_p95_ns:  148226294.0
latency_p99_ns:  148226294.0
latency_max_ns:  148226294.0

