{"Traffics": [{"process_num": 4, "qp_num": 1, "mtu": 3, "qp_type": "UC", "reqs": "w_1_101088,w_2_47104_1280,w_1_70400,w_2_42112_2016,w_1_104672,w_4_19264_4864_26240_10848,w_3_14176_768_1504,w_2_31296_18176,", "recvs": "1_104672,2_67680_36992,2_61024_59456,", "client": {"usr": "wfowler", "ip": "192.168.100.2", "ibdev": "mlx5_0", "use_gpu": true, "numa_node": 0, "mr_num": 1, "buf_num": 4, "buf_size": 104672, "send_wq_depth": 913, "recv_wq_depth": 1, "send_batch": 34, "recv_batch": 0}, "server": {"usr": "wfowler", "ip": "192.168.100.1", "ibdev": "mlx5_0", "use_gpu": true, "numa_node": 1, "mr_num": 4, "buf_num": 3, "buf_size": 120480, "send_wq_depth": 1, "recv_wq_depth": 733, "send_batch": 0, "recv_batch": 57}}, {"process_num": 4, "qp_num": 3, "mtu": 5, "qp_type": "UC", "reqs": "w_4_34848_28704_6304_1952,w_4_77760_46912_32_128,w_2_57472_27328,w_1_74656,", "recvs": "2_48928_75904,3_85504_7808_31520,1_124832,4_32736_54656_17728_19712,", "client": {"usr": "wfowler", "ip": "192.168.100.1", "ibdev": "mlx5_0", "use_gpu": true, "numa_node": 0, "mr_num": 3, "buf_num": 4, "buf_size": 124832, "send_wq_depth": 800, "recv_wq_depth": 1, "send_batch": 58, "recv_batch": 0}, "server": {"usr": "wfowler", "ip": "192.168.100.2", "ibdev": "mlx5_0", "use_gpu": true, "numa_node": 0, "mr_num": 2, "buf_num": 1, "buf_size": 124832, "send_wq_depth": 1, "recv_wq_depth": 949, "send_batch": 0, "recv_batch": 51}}]}


tx_vport_rdma_unicast_bytes:  23.163
rx_vport_rdma_unicast_bytes:  0.06338
tx_vport_rdma_unicast_packets:  2700444.0
rx_vport_rdma_unicast_packets:  8003.0
tx_prio3_pause_duration:  0.0
rx_prio3_pause_duration:  0.0

latency_samples:  30
latency_min_ns:  82783984.0
latency_avg_ns:  152885136.0
latency_median_ns:  152830352.66666666
latency_p95_ns:  293309307.0
latency_p99_ns:  293309307.0
latency_max_ns:  293309307.0

