{"Traffics": [{"process_num": 5, "qp_num": 3, "mtu": 5, "qp_type": "UC", "reqs": "s_2_224_1888,s_3_51424_52640_12416,s_2_35904_78624,s_4_75552_800_224_192,", "recvs": "4_102144_11872_1824_640,3_67680_21536_31648,2_19648_96832,2_37536_78944,", "client": {"usr": "wfowler", "ip": "192.168.100.2", "ibdev": "mlx5_0", "use_gpu": true, "numa_node": 1, "mr_num": 3, "buf_num": 4, "buf_size": 116480, "send_wq_depth": 832, "recv_wq_depth": 1, "send_batch": 19, "recv_batch": 0}, "server": {"usr": "wfowler", "ip": "192.168.100.1", "ibdev": "mlx5_0", "use_gpu": true, "numa_node": 1, "mr_num": 3, "buf_num": 3, "buf_size": 120864, "send_wq_depth": 1, "recv_wq_depth": 611, "send_batch": 0, "recv_batch": 2}}, {"process_num": 4, "qp_num": 2, "mtu": 4, "qp_type": "RC", "reqs": "r_1_84096,r_4_39200_1696_448_32,r_4_39680_800_7392_576,r_1_4864,r_4_6464_9440_288_352,", "recvs": "3_28960_768_54368,3_56256_48672_9056,", "client": {"usr": "wfowler", "ip": "192.168.100.1", "ibdev": "mlx5_0", "use_gpu": true, "numa_node": 1, "mr_num": 2, "buf_num": 2, "buf_size": 84096, "send_wq_depth": 897, "recv_wq_depth": 1, "send_batch": 34, "recv_batch": 0}, "server": {"usr": "wfowler", "ip": "192.168.100.2", "ibdev": "mlx5_0", "use_gpu": true, "numa_node": 0, "mr_num": 4, "buf_num": 4, "buf_size": 113984, "send_wq_depth": 1, "recv_wq_depth": 27, "send_batch": 0, "recv_batch": 16}}]}


tx_vport_rdma_unicast_bytes:  24.18948
rx_vport_rdma_unicast_bytes:  0.0
tx_vport_rdma_unicast_packets:  740642.0
rx_vport_rdma_unicast_packets:  0.0
tx_prio3_pause_duration:  0.0
rx_prio3_pause_duration:  0.0

latency_samples:  30
latency_min_ns:  21705365.0
latency_avg_ns:  230467456.33333334
latency_median_ns:  230503644.33333334
latency_p95_ns:  335998577.0
latency_p99_ns:  335998577.0
latency_max_ns:  335998577.0

