{"Traffics": [{"process_num": 4, "qp_num": 1, "mtu": 3, "qp_type": "RC", "reqs": "w_3_32192_1312_83584,w_4_101792_32_192_288,w_2_12864_4480,w_3_29376_20160_38400,w_4_9632_56576_256_544,w_2_3744_13824,w_1_5504,", "recvs": "3_90304_5408_21376,3_48384_53952_14752,2_101248_15840,", "client": {"usr": "wfowler", "ip": "192.168.100.2", "ibdev": "mlx5_0", "use_gpu": true, "numa_node": 1, "mr_num": 1, "buf_num": 3, "buf_size": 117088, "send_wq_depth": 149, "recv_wq_depth": 1, "send_batch": 28, "recv_batch": 0}, "server": {"usr": "wfowler", "ip": "192.168.100.1", "ibdev": "mlx5_0", "use_gpu": true, "numa_node": 0, "mr_num": 1, "buf_num": 1, "buf_size": 117088, "send_wq_depth": 1, "recv_wq_depth": 683, "send_batch": 0, "recv_batch": 49}}, {"process_num": 4, "qp_num": 4, "mtu": 3, "qp_type": "UC", "reqs": "s_4_55456_11008_30048_8096,s_4_34656_1504_8672_32,s_1_18016,s_3_68992_2528_14080,s_2_75872_22880,", "recvs": "1_104608,2_39936_64672,", "client": {"usr": "wfowler", "ip": "192.168.100.1", "ibdev": "mlx5_0", "use_gpu": true, "numa_node": 0, "mr_num": 3, "buf_num": 2, "buf_size": 104608, "send_wq_depth": 785, "recv_wq_depth": 1, "send_batch": 47, "recv_batch": 0}, "server": {"usr": "wfowler", "ip": "192.168.100.2", "ibdev": "mlx5_0", "use_gpu": true, "numa_node": 0, "mr_num": 3, "buf_num": 1, "buf_size": 104608, "send_wq_depth": 1, "recv_wq_depth": 878, "send_batch": 0, "recv_batch": 32}}]}


tx_vport_rdma_unicast_bytes:  23.86028
rx_vport_rdma_unicast_bytes:  23.10568
tx_vport_rdma_unicast_packets:  2774909.0
rx_vport_rdma_unicast_packets:  2747666.0
tx_prio3_pause_duration:  0.0
rx_prio3_pause_duration:  0.0

latency_samples:  30
latency_min_ns:  11908138.0
latency_avg_ns:  116891990.0
latency_median_ns:  117055059.66666667
latency_p95_ns:  327055895.0
latency_p99_ns:  327055895.0
latency_max_ns:  327055895.0

