{"Traffics": [{"process_num": 6, "qp_num": 4, "mtu": 4, "qp_type": "RC", "reqs": "s_3_59168_16576_16320,s_3_50240_22592_15136,s_3_7424_896_32,s_2_12576_49952,s_1_130368,s_1_19776,", "recvs": "3_113888_14144_2336,1_130368,3_61824_30496_38048,", "client": {"usr": "wfowler", "ip": "192.168.100.2", "ibdev": "mlx5_0", "use_gpu": true, "numa_node": 1, "mr_num": 1, "buf_num": 3, "buf_size": 130368, "send_wq_depth": 1003, "recv_wq_depth": 1, "send_batch": 61, "recv_batch": 0}, "server": {"usr": "wfowler", "ip": "192.168.100.1", "ibdev": "mlx5_0", "use_gpu": true, "numa_node": 0, "mr_num": 4, "buf_num": 2, "buf_size": 130368, "send_wq_depth": 1, "recv_wq_depth": 819, "send_batch": 0, "recv_batch": 21}}, {"process_num": 5, "qp_num": 4, "mtu": 3, "qp_type": "RC", "reqs": "w_2_1280_6528,w_3_8064_35040_1472,w_3_55424_56416_8512,w_1_74624,w_2_33568_91136,", "recvs": "3_64288_35616_24800,1_124704,", "client": {"usr": "wfowler", "ip": "192.168.100.1", "ibdev": "mlx5_0", "use_gpu": true, "numa_node": 1, "mr_num": 1, "buf_num": 2, "buf_size": 124704, "send_wq_depth": 269, "recv_wq_depth": 1, "send_batch": 17, "recv_batch": 0}, "server": {"usr": "wfowler", "ip": "192.168.100.2", "ibdev": "mlx5_0", "use_gpu": true, "numa_node": 0, "mr_num": 3, "buf_num": 4, "buf_size": 124704, "send_wq_depth": 1, "recv_wq_depth": 310, "send_batch": 0, "recv_batch": 31}}]}


tx_vport_rdma_unicast_bytes:  0.02687
rx_vport_rdma_unicast_bytes:  24.50824
tx_vport_rdma_unicast_packets:  54186.0
rx_vport_rdma_unicast_packets:  2832479.0
tx_prio3_pause_duration:  0.0
rx_prio3_pause_duration:  0.0

latency_samples:  30
latency_min_ns:  3675391.0
latency_avg_ns:  48267856.0
latency_median_ns:  48279653.666666664
latency_p95_ns:  137488759.0
latency_p99_ns:  137488759.0
latency_max_ns:  137488759.0

