{"Traffics": [{"process_num": 5, "qp_num": 1, "mtu": 3, "qp_type": "UC", "reqs": "s_2_27488_26400,s_2_71936_42400,s_2_46080_53440,s_4_42144_2464_5536_224,s_2_56608_27520,", "recvs": "2_28384_85952,", "client": {"usr": "wfowler", "ip": "192.168.100.2", "ibdev": "mlx5_0", "use_gpu": true, "numa_node": 1, "mr_num": 3, "buf_num": 1, "buf_size": 114336, "send_wq_depth": 1001, "recv_wq_depth": 1, "send_batch": 47, "recv_batch": 0}, "server": {"usr": "wfowler", "ip": "192.168.100.1", "ibdev": "mlx5_0", "use_gpu": true, "numa_node": 1, "mr_num": 2, "buf_num": 3, "buf_size": 114336, "send_wq_depth": 1, "recv_wq_depth": 66, "send_batch": 0, "recv_batch": 10}}, {"process_num": 6, "qp_num": 2, "mtu": 3, "qp_type": "UC", "reqs": "s_4_11616_24032_59360_11200,s_1_70848,s_4_6912_1152_3392_832,s_2_2208_116384,s_1_104192,", "recvs": "2_47136_71456,1_118592,2_31936_95104,3_23712_13216_81664,", "client": {"usr": "wfowler", "ip": "192.168.100.1", "ibdev": "mlx5_0", "use_gpu": true, "numa_node": 0, "mr_num": 3, "buf_num": 3, "buf_size": 118592, "send_wq_depth": 400, "recv_wq_depth": 1, "send_batch": 35, "recv_batch": 0}, "server": {"usr": "wfowler", "ip": "192.168.100.2", "ibdev": "mlx5_0", "use_gpu": true, "numa_node": 0, "mr_num": 3, "buf_num": 1, "buf_size": 127040, "send_wq_depth": 1, "recv_wq_depth": 447, "send_batch": 0, "recv_batch": 39}}]}


tx_vport_rdma_unicast_bytes:  24.28688
rx_vport_rdma_unicast_bytes:  24.08075
tx_vport_rdma_unicast_packets:  2827326.0
rx_vport_rdma_unicast_packets:  2781669.0
tx_prio3_pause_duration:  0.0
rx_prio3_pause_duration:  0.0

latency_samples:  30
latency_min_ns:  140467814.0
latency_avg_ns:  143339522.0
latency_median_ns:  143279143.66666666
latency_p95_ns:  145270418.0
latency_p99_ns:  145270418.0
latency_max_ns:  145270418.0

