{"Traffics": [{"process_num": 6, "qp_num": 2, "mtu": 3, "qp_type": "UC", "reqs": "s_4_63104_15424_3424_2368,s_2_7712_89696,", "recvs": "1_97408,4_70464_6176_11488_28672,", "client": {"usr": "wfowler", "ip": "192.168.100.2", "ibdev": "mlx5_0", "use_gpu": true, "numa_node": 0, "mr_num": 1, "buf_num": 3, "buf_size": 97408, "send_wq_depth": 331, "recv_wq_depth": 1, "send_batch": 51, "recv_batch": 0}, "server": {"usr": "wfowler", "ip": "192.168.100.1", "ibdev": "mlx5_0", "use_gpu": true, "numa_node": 1, "mr_num": 3, "buf_num": 2, "buf_size": 116800, "send_wq_depth": 1, "recv_wq_depth": 919, "send_batch": 0, "recv_batch": 39}}, {"process_num": 5, "qp_num": 3, "mtu": 5, "qp_type": "RC", "reqs": "s_4_2112_6368_2048_160,s_4_704_3200_320_32,s_1_90144,s_1_107712,s_3_18272_37024_31200,s_4_4672_1440_4224_6400,s_2_43712_67680,s_2_16928_69280,", "recvs": "3_71552_6752_33088,2_21024_90368,4_61792_18400_8832_22368,2_40064_71328,", "client": {"usr": "wfowler", "ip": "192.168.100.1", "ibdev": "mlx5_0", "use_gpu": true, "numa_node": 1, "mr_num": 4, "buf_num": 2, "buf_size": 111392, "send_wq_depth": 330, "recv_wq_depth": 1, "send_batch": 28, "recv_batch": 0}, "server": {"usr": "wfowler", "ip": "192.168.100.2", "ibdev": "mlx5_0", "use_gpu": true, "numa_node": 0, "mr_num": 1, "buf_num": 1, "buf_size": 111392, "send_wq_depth": 1, "recv_wq_depth": 142, "send_batch": 0, "recv_batch": 23}}]}


tx_vport_rdma_unicast_bytes:  22.813950000000002
rx_vport_rdma_unicast_bytes:  0.0
tx_vport_rdma_unicast_packets:  2657137.0
rx_vport_rdma_unicast_packets:  0.0
tx_prio3_pause_duration:  0.0
rx_prio3_pause_duration:  0.0

latency_samples:  30
latency_min_ns:  749049.0
latency_avg_ns:  85010587.0
latency_median_ns:  85061110.66666667
latency_p95_ns:  127497627.0
latency_p99_ns:  127497627.0
latency_max_ns:  127497627.0

