{"Traffics": [{"process_num": 6, "qp_num": 3, "mtu": 3, "qp_type": "UC", "reqs": "w_4_71008_31264_5696_17280,w_3_63840_4256_61120,w_4_73184_22976_96_32,", "recvs": "4_121792_4512_2592_320,4_35232_17312_38112_38560,1_129216,2_100768_28448,", "client": {"usr": "wfowler", "ip": "192.168.100.2", "ibdev": "mlx5_0", "use_gpu": true, "numa_node": 0, "mr_num": 3, "buf_num": 1, "buf_size": 129216, "send_wq_depth": 370, "recv_wq_depth": 1, "send_batch": 5, "recv_batch": 0}, "server": {"usr": "wfowler", "ip": "192.168.100.1", "ibdev": "mlx5_0", "use_gpu": true, "numa_node": 1, "mr_num": 4, "buf_num": 3, "buf_size": 129216, "send_wq_depth": 1, "recv_wq_depth": 909, "send_batch": 0, "recv_batch": 58}}, {"process_num": 6, "qp_num": 2, "mtu": 4, "qp_type": "UC", "reqs": "s_3_58016_1760_7840,s_4_2272_1152_1344_128,s_3_51904_59680_14720,s_3_29664_1664_12800,s_4_57600_19872_1888_17920,s_1_124768,", "recvs": "1_126304,1_126304,1_126304,3_82816_18240_26816,", "client": {"usr": "wfowler", "ip": "192.168.100.1", "ibdev": "mlx5_0", "use_gpu": true, "numa_node": 0, "mr_num": 4, "buf_num": 3, "buf_size": 126304, "send_wq_depth": 231, "recv_wq_depth": 1, "send_batch": 24, "recv_batch": 0}, "server": {"usr": "wfowler", "ip": "192.168.100.2", "ibdev": "mlx5_0", "use_gpu": true, "numa_node": 0, "mr_num": 3, "buf_num": 3, "buf_size": 127872, "send_wq_depth": 1, "recv_wq_depth": 568, "send_batch": 0, "recv_batch": 13}}]}


tx_vport_rdma_unicast_bytes:  23.27783
rx_vport_rdma_unicast_bytes:  0.22569999999999998
tx_vport_rdma_unicast_packets:  2707198.0
rx_vport_rdma_unicast_packets:  30174.0
tx_prio3_pause_duration:  0.0
rx_prio3_pause_duration:  0.0

latency_samples:  30
latency_min_ns:  73030678.0
latency_avg_ns:  218158274.66666666
latency_median_ns:  218157038.0
latency_p95_ns:  292391984.0
latency_p99_ns:  292391984.0
latency_max_ns:  292391984.0

