{"Traffics": [{"process_num": 4, "qp_num": 1, "mtu": 5, "qp_type": "UC", "reqs": "w_1_130528,w_3_11104_37984_75872,w_1_113792,w_4_5760_11072_4928_352,", "recvs": "4_45376_61088_12128_11936,1_130528,", "client": {"usr": "wfowler", "ip": "192.168.100.2", "ibdev": "mlx5_0", "use_gpu": true, "numa_node": 0, "mr_num": 4, "buf_num": 2, "buf_size": 130528, "send_wq_depth": 995, "recv_wq_depth": 1, "send_batch": 12, "recv_batch": 0}, "server": {"usr": "wfowler", "ip": "192.168.100.1", "ibdev": "mlx5_0", "use_gpu": true, "numa_node": 1, "mr_num": 1, "buf_num": 2, "buf_size": 130528, "send_wq_depth": 1, "recv_wq_depth": 762, "send_batch": 0, "recv_batch": 32}}, {"process_num": 5, "qp_num": 1, "mtu": 3, "qp_type": "UC", "reqs": "w_3_36416_9664_4736,w_1_68896,w_2_62208_27584,w_4_512_160_32_64,w_4_25408_18592_3072_7488,w_3_18400_20896_5504,w_2_12064_2272,w_1_104640,", "recvs": "2_32416_72224,1_104640,4_4736_20160_576_79168,", "client": {"usr": "wfowler", "ip": "192.168.100.1", "ibdev": "mlx5_0", "use_gpu": true, "numa_node": 0, "mr_num": 4, "buf_num": 2, "buf_size": 104640, "send_wq_depth": 765, "recv_wq_depth": 1, "send_batch": 53, "recv_batch": 0}, "server": {"usr": "wfowler", "ip": "192.168.100.2", "ibdev": "mlx5_0", "use_gpu": true, "numa_node": 1, "mr_num": 1, "buf_num": 3, "buf_size": 104640, "send_wq_depth": 1, "recv_wq_depth": 47, "send_batch": 0, "recv_batch": 9}}]}


tx_vport_rdma_unicast_bytes:  23.27864
rx_vport_rdma_unicast_bytes:  25.20142
tx_vport_rdma_unicast_packets:  710819.0
rx_vport_rdma_unicast_packets:  2922346.0
tx_prio3_pause_duration:  0.0
rx_prio3_pause_duration:  0.0

latency_samples:  30
latency_min_ns:  69806624.0
latency_avg_ns:  117142233.66666667
latency_median_ns:  117175652.0
latency_p95_ns:  140670358.0
latency_p99_ns:  140670358.0
latency_max_ns:  140670358.0

