{"Traffics": [{"process_num": 5, "qp_num": 4, "mtu": 5, "qp_type": "RC", "reqs": "s_1_128544,s_1_112672,s_3_26112_2976_5216,s_4_74976_3712_1088_672,s_1_127776,s_4_3616_26656_29920_11104,s_1_118176,s_1_86144,", "recvs": "1_128544,1_128544,4_109824_4512_544_13664,2_86112_42432,", "client": {"usr": "wfowler", "ip": "192.168.100.2", "ibdev": "mlx5_0", "use_gpu": true, "numa_node": 0, "mr_num": 4, "buf_num": 3, "buf_size": 128544, "send_wq_depth": 356, "recv_wq_depth": 1, "send_batch": 48, "recv_batch": 0}, "server": {"usr": "wfowler", "ip": "192.168.100.1", "ibdev": "mlx5_0", "use_gpu": true, "numa_node": 1, "mr_num": 1, "buf_num": 4, "buf_size": 128544, "send_wq_depth": 1, "recv_wq_depth": 955, "send_batch": 0, "recv_batch": 39}}, {"process_num": 6, "qp_num": 1, "mtu": 3, "qp_type": "UC", "reqs": "s_3_95392_23712_2528,s_3_38560_11296_9504,s_1_89856,s_3_3104_36864_73120,s_3_34528_22944_17984,s_1_96928,s_2_86624_29280,s_3_48576_14656_2688,", "recvs": "2_90048_31584,", "client": {"usr": "wfowler", "ip": "192.168.100.1", "ibdev": "mlx5_0", "use_gpu": true, "numa_node": 0, "mr_num": 1, "buf_num": 3, "buf_size": 121632, "send_wq_depth": 753, "recv_wq_depth": 1, "send_batch": 50, "recv_batch": 0}, "server": {"usr": "wfowler", "ip": "192.168.100.2", "ibdev": "mlx5_0", "use_gpu": true, "numa_node": 0, "mr_num": 2, "buf_num": 3, "buf_size": 121632, "send_wq_depth": 1, "recv_wq_depth": 42, "send_batch": 0, "recv_batch": 47}}]}


tx_vport_rdma_unicast_bytes:  0.0
rx_vport_rdma_unicast_bytes:  24.17875
tx_vport_rdma_unicast_packets:  0.0
rx_vport_rdma_unicast_packets:  2794493.0
tx_prio3_pause_duration:  0.0
rx_prio3_pause_duration:  0.0

latency_samples:  30
latency_min_ns:  140562596.0
latency_avg_ns:  143584144.33333334
latency_median_ns:  143642825.66666666
latency_p95_ns:  149831295.0
latency_p99_ns:  149831295.0
latency_max_ns:  149831295.0

