{"Traffics": [{"process_num": 5, "qp_num": 3, "mtu": 3, "qp_type": "UC", "reqs": "w_3_22656_256_384,w_2_1760_41344,w_4_6048_1120_896_10944,w_1_21312,w_2_224_27040,w_3_21760_7072_5216,w_3_2592_64_384,", "recvs": "3_58240_576_13888,1_78784,1_43104,", "client": {"usr": "wfowler", "ip": "192.168.100.2", "ibdev": "mlx5_0", "use_gpu": true, "numa_node": 0, "mr_num": 4, "buf_num": 1, "buf_size": 43104, "send_wq_depth": 252, "recv_wq_depth": 1, "send_batch": 21, "recv_batch": 0}, "server": {"usr": "wfowler", "ip": "192.168.100.1", "ibdev": "mlx5_0", "use_gpu": true, "numa_node": 0, "mr_num": 2, "buf_num": 3, "buf_size": 78784, "send_wq_depth": 1, "recv_wq_depth": 240, "send_batch": 0, "recv_batch": 54}}, {"process_num": 4, "qp_num": 3, "mtu": 4, "qp_type": "UD", "reqs": "s_1_1440,s_2_352_1504,s_2_192_832,s_2_256_544,s_4_608_32_32_64,s_2_192_128,s_1_1056,", "recvs": "3_2016_416_2336,3_6208_1056_3328,3_85888_5312_352,3_97792_1696_14176,", "client": {"usr": "wfowler", "ip": "192.168.100.1", "ibdev": "mlx5_0", "use_gpu": true, "numa_node": 0, "mr_num": 4, "buf_num": 3, "buf_size": 4096, "send_wq_depth": 643, "recv_wq_depth": 1, "send_batch": 39, "recv_batch": 0}, "server": {"usr": "wfowler", "ip": "192.168.100.2", "ibdev": "mlx5_0", "use_gpu": true, "numa_node": 0, "mr_num": 4, "buf_num": 3, "buf_size": 113664, "send_wq_depth": 1, "recv_wq_depth": 963, "send_batch": 0, "recv_batch": 25}}]}


tx_vport_rdma_unicast_bytes:  22.93789
rx_vport_rdma_unicast_bytes:  16.14725
tx_vport_rdma_unicast_packets:  2692331.0
rx_vport_rdma_unicast_packets:  2089450.0
tx_prio3_pause_duration:  0.0
rx_prio3_pause_duration:  0.0

latency_samples:  30
latency_min_ns:  3144638.0
latency_avg_ns:  24504171.666666668
latency_median_ns:  24483684.333333332
latency_p95_ns:  35345688.0
latency_p99_ns:  35345688.0
latency_max_ns:  35345688.0

