{"Traffics": [{"process_num": 4, "qp_num": 2, "mtu": 3, "qp_type": "RC", "reqs": "s_2_8640_30240,s_4_42656_32992_1408_1248,s_4_3264_48992_19424_13344,s_4_18912_81568_4064_2080,", "recvs": "3_15936_67104_33792,1_112480,3_10528_36736_71904,1_106624,", "client": {"usr": "wfowler", "ip": "192.168.100.2", "ibdev": "mlx5_0", "use_gpu": true, "numa_node": 1, "mr_num": 2, "buf_num": 3, "buf_size": 106624, "send_wq_depth": 786, "recv_wq_depth": 1, "send_batch": 26, "recv_batch": 0}, "server": {"usr": "wfowler", "ip": "192.168.100.1", "ibdev": "mlx5_0", "use_gpu": true, "numa_node": 1, "mr_num": 4, "buf_num": 3, "buf_size": 119168, "send_wq_depth": 1, "recv_wq_depth": 486, "send_batch": 0, "recv_batch": 4}}, {"process_num": 5, "qp_num": 2, "mtu": 3, "qp_type": "UC", "reqs": "s_2_105856_9408,s_3_18368_11776_384,s_3_22432_3296_27552,s_4_1152_864_192_2720,", "recvs": "3_109344_1728_4192,2_62624_52640,4_45728_736_54464_14336,4_51136_30880_11936_26752,", "client": {"usr": "wfowler", "ip": "192.168.100.1", "ibdev": "mlx5_0", "use_gpu": true, "numa_node": 1, "mr_num": 2, "buf_num": 2, "buf_size": 115264, "send_wq_depth": 37, "recv_wq_depth": 1, "send_batch": 20, "recv_batch": 0}, "server": {"usr": "wfowler", "ip": "192.168.100.2", "ibdev": "mlx5_0", "use_gpu": true, "numa_node": 1, "mr_num": 2, "buf_num": 3, "buf_size": 120704, "send_wq_depth": 1, "recv_wq_depth": 793, "send_batch": 0, "recv_batch": 45}}]}


tx_vport_rdma_unicast_bytes:  23.543200000000002
rx_vport_rdma_unicast_bytes:  24.29511
tx_vport_rdma_unicast_packets:  2740401.0
rx_vport_rdma_unicast_packets:  2868889.0
tx_prio3_pause_duration:  0.0
rx_prio3_pause_duration:  0.0

latency_samples:  30
latency_min_ns:  3557617.0
latency_avg_ns:  120661462.33333333
latency_median_ns:  122052283.0
latency_p95_ns:  182775439.0
latency_p99_ns:  182775439.0
latency_max_ns:  182775439.0

