{"Traffics": [{"process_num": 5, "qp_num": 4, "mtu": 3, "qp_type": "RC", "reqs": "r_3_93984_8224_2400,r_1_111456,r_4_28032_9792_3040_13568,r_4_91264_22688_640_3488,r_4_100224_11552_11712_7232,r_3_10144_4512_33888,r_4_91520_9024_15200_3136,", "recvs": "2_8864_121856,4_46656_25408_54720_3936,4_127968_2496_128_128,1_130720,", "client": {"usr": "wfowler", "ip": "192.168.100.2", "ibdev": "mlx5_0", "use_gpu": true, "numa_node": 0, "mr_num": 3, "buf_num": 3, "buf_size": 130720, "send_wq_depth": 283, "recv_wq_depth": 1, "send_batch": 48, "recv_batch": 0}, "server": {"usr": "wfowler", "ip": "192.168.100.1", "ibdev": "mlx5_0", "use_gpu": true, "numa_node": 1, "mr_num": 3, "buf_num": 3, "buf_size": 130720, "send_wq_depth": 1, "recv_wq_depth": 672, "send_batch": 0, "recv_batch": 42}}, {"process_num": 5, "qp_num": 2, "mtu": 5, "qp_type": "UC", "reqs": "w_2_38912_88960,w_3_88064_28480_4160,w_1_3008,w_4_1344_8448_256_800,w_4_23168_2720_64_384,", "recvs": "2_928_126944,", "client": {"usr": "wfowler", "ip": "192.168.100.2", "ibdev": "mlx5_0", "use_gpu": true, "numa_node": 1, "mr_num": 3, "buf_num": 3, "buf_size": 127872, "send_wq_depth": 516, "recv_wq_depth": 1, "send_batch": 25, "recv_batch": 0}, "server": {"usr": "wfowler", "ip": "192.168.100.2", "ibdev": "mlx5_0", "use_gpu": true, "numa_node": 1, "mr_num": 4, "buf_num": 1, "buf_size": 127872, "send_wq_depth": 1, "recv_wq_depth": 373, "send_batch": 0, "recv_batch": 5}}]}


tx_vport_rdma_unicast_bytes:  0.01697
rx_vport_rdma_unicast_bytes:  46.41029
tx_vport_rdma_unicast_packets:  28681.0
rx_vport_rdma_unicast_packets:  3466603.0
tx_prio3_pause_duration:  0.0
rx_prio3_pause_duration:  0.0

latency_samples:  30
latency_min_ns:  1269406.0
latency_avg_ns:  71980393.66666667
latency_median_ns:  71967279.33333333
latency_p95_ns:  107737700.0
latency_p99_ns:  107737700.0
latency_max_ns:  107737700.0

