{"Traffics": [{"process_num": 5, "qp_num": 2, "mtu": 4, "qp_type": "UC", "reqs": "w_2_20800_48448,w_2_13696_39808,w_2_9248_113792,w_2_19296_45856,w_1_124672,w_4_43040_1056_384_7840,w_2_36192_4160,w_3_94240_29760_928,", "recvs": "4_20800_85600_17376_1152,4_97472_19328_1376_6752,2_63200_61728,", "client": {"usr": "wfowler", "ip": "192.168.100.2", "ibdev": "mlx5_0", "use_gpu": true, "numa_node": 1, "mr_num": 1, "buf_num": 3, "buf_size": 124928, "send_wq_depth": 82, "recv_wq_depth": 1, "send_batch": 32, "recv_batch": 0}, "server": {"usr": "wfowler", "ip": "192.168.100.1", "ibdev": "mlx5_0", "use_gpu": true, "numa_node": 0, "mr_num": 1, "buf_num": 1, "buf_size": 124928, "send_wq_depth": 1, "recv_wq_depth": 852, "send_batch": 0, "recv_batch": 11}}, {"process_num": 6, "qp_num": 4, "mtu": 5, "qp_type": "UD", "reqs": "s_1_3136,s_4_192_352_96_32,s_1_416,s_4_1152_320_992_32,s_1_2336,s_4_1152_256_160_96,s_3_1504_96_32,s_4_576_672_288_1792,", "recvs": "4_78688_5216_9216_4864,1_3328,1_115520,2_15264_51232,", "client": {"usr": "wfowler", "ip": "192.168.100.1", "ibdev": "mlx5_0", "use_gpu": true, "numa_node": 1, "mr_num": 2, "buf_num": 1, "buf_size": 4096, "send_wq_depth": 626, "recv_wq_depth": 1, "send_batch": 50, "recv_batch": 0}, "server": {"usr": "wfowler", "ip": "192.168.100.2", "ibdev": "mlx5_0", "use_gpu": true, "numa_node": 0, "mr_num": 2, "buf_num": 4, "buf_size": 115520, "send_wq_depth": 1, "recv_wq_depth": 591, "send_batch": 0, "recv_batch": 11}}]}


tx_vport_rdma_unicast_bytes:  24.274849999999997
rx_vport_rdma_unicast_bytes:  1.81771
tx_vport_rdma_unicast_packets:  1453919.0
rx_vport_rdma_unicast_packets:  370056.0
tx_prio3_pause_duration:  0.0
rx_prio3_pause_duration:  0.0

latency_samples:  30
latency_min_ns:  9949718.0
latency_avg_ns:  15699309.666666666
latency_median_ns:  15721246.0
latency_p95_ns:  18617847.0
latency_p99_ns:  18617847.0
latency_max_ns:  18617847.0

