{"Traffics": [{"process_num": 5, "qp_num": 1, "mtu": 4, "qp_type": "UC", "reqs": "s_4_5568_1824_8096_9920,s_3_28992_12544_1984,s_3_13280_96_832,s_2_17856_56672,s_4_13152_1568_320_5888,s_2_75872_36032,s_2_768_4192,s_3_17408_736_4704,", "recvs": "3_24448_46400_41056,3_69728_13504_28672,3_25632_64896_21376,", "client": {"usr": "wfowler", "ip": "192.168.100.2", "ibdev": "mlx5_0", "use_gpu": true, "numa_node": 0, "mr_num": 3, "buf_num": 3, "buf_size": 111904, "send_wq_depth": 965, "recv_wq_depth": 1, "send_batch": 32, "recv_batch": 0}, "server": {"usr": "wfowler", "ip": "192.168.100.1", "ibdev": "mlx5_0", "use_gpu": true, "numa_node": 0, "mr_num": 3, "buf_num": 3, "buf_size": 111904, "send_wq_depth": 1, "recv_wq_depth": 998, "send_batch": 0, "recv_batch": 11}}, {"process_num": 4, "qp_num": 3, "mtu": 5, "qp_type": "UC", "reqs": "w_3_3616_19392_1344,w_4_4320_6528_352_384,w_4_52416_26048_17120_448,w_2_12992_16224,w_2_48032_39840,", "recvs": "2_73408_53952,3_118112_6400_5376,3_64576_28416_3040,4_70272_24032_19264_12352,", "client": {"usr": "wfowler", "ip": "192.168.100.2", "ibdev": "mlx5_0", "use_gpu": true, "numa_node": 1, "mr_num": 3, "buf_num": 1, "buf_size": 96032, "send_wq_depth": 70, "recv_wq_depth": 1, "send_batch": 8, "recv_batch": 0}, "server": {"usr": "wfowler", "ip": "192.168.100.2", "ibdev": "mlx5_0", "use_gpu": true, "numa_node": 1, "mr_num": 4, "buf_num": 2, "buf_size": 129888, "send_wq_depth": 1, "recv_wq_depth": 196, "send_batch": 0, "recv_batch": 50}}]}


tx_vport_rdma_unicast_bytes:  4.12637
rx_vport_rdma_unicast_bytes:  19.4217
tx_vport_rdma_unicast_packets:  251930.0
rx_vport_rdma_unicast_packets:  604410.0
tx_prio3_pause_duration:  0.0
rx_prio3_pause_duration:  0.0

latency_samples:  30
latency_min_ns:  16185216.0
latency_avg_ns:  45385965.0
latency_median_ns:  45500848.666666664
latency_p95_ns:  103147095.0
latency_p99_ns:  103147095.0
latency_max_ns:  103147095.0

