{"Traffics": [{"process_num": 6, "qp_num": 4, "mtu": 5, "qp_type": "UD", "reqs": "s_2_800_1824,s_4_1216_2240_128_160,s_4_1664_512_288_1376,", "recvs": "2_27136_42560,3_3392_12672_23168,1_89504,1_127552,", "client": {"usr": "wfowler", "ip": "192.168.100.2", "ibdev": "mlx5_0", "use_gpu": true, "numa_node": 0, "mr_num": 2, "buf_num": 4, "buf_size": 4096, "send_wq_depth": 93, "recv_wq_depth": 1, "send_batch": 45, "recv_batch": 0}, "server": {"usr": "wfowler", "ip": "192.168.100.1", "ibdev": "mlx5_0", "use_gpu": true, "numa_node": 1, "mr_num": 3, "buf_num": 3, "buf_size": 127552, "send_wq_depth": 1, "recv_wq_depth": 118, "send_batch": 0, "recv_batch": 22}}, {"process_num": 5, "qp_num": 1, "mtu": 4, "qp_type": "UC", "reqs": "s_4_42720_9984_3200_928,s_2_3744_83808,s_3_55296_53920_13728,s_1_65920,s_4_13248_22816_512_6080,s_2_1568_10144,s_3_23776_62496_25216,", "recvs": "2_16192_106752,4_15008_15712_2560_89664,", "client": {"usr": "wfowler", "ip": "192.168.100.1", "ibdev": "mlx5_0", "use_gpu": true, "numa_node": 1, "mr_num": 2, "buf_num": 4, "buf_size": 122944, "send_wq_depth": 417, "recv_wq_depth": 1, "send_batch": 56, "recv_batch": 0}, "server": {"usr": "wfowler", "ip": "192.168.100.2", "ibdev": "mlx5_0", "use_gpu": true, "numa_node": 1, "mr_num": 4, "buf_num": 1, "buf_size": 122944, "send_wq_depth": 1, "recv_wq_depth": 1006, "send_batch": 0, "recv_batch": 33}}]}


tx_vport_rdma_unicast_bytes:  23.03716
rx_vport_rdma_unicast_bytes:  0.07225
tx_vport_rdma_unicast_packets:  830189.0
rx_vport_rdma_unicast_packets:  17706.0
tx_prio3_pause_duration:  0.0
rx_prio3_pause_duration:  0.0

latency_samples:  30
latency_min_ns:  2626011.0
latency_avg_ns:  18387402.333333332
latency_median_ns:  18331612.333333332
latency_p95_ns:  49821467.0
latency_p99_ns:  49821467.0
latency_max_ns:  49821467.0

