{"Traffics": [{"process_num": 5, "qp_num": 4, "mtu": 3, "qp_type": "UC", "reqs": "w_4_3584_2016_960_3104,w_1_122944,", "recvs": "1_122944,1_122944,1_122944,4_24960_53728_10048_34208,", "client": {"usr": "wfowler", "ip": "192.168.100.2", "ibdev": "mlx5_0", "use_gpu": false, "numa_node": 1, "mr_num": 1, "buf_num": 3, "buf_size": 122944, "send_wq_depth": 115, "recv_wq_depth": 1, "send_batch": 30, "recv_batch": 0}, "server": {"usr": "wfowler", "ip": "192.168.100.1", "ibdev": "mlx5_0", "use_gpu": false, "numa_node": 1, "mr_num": 3, "buf_num": 2, "buf_size": 122944, "send_wq_depth": 1, "recv_wq_depth": 909, "send_batch": 0, "recv_batch": 33}}, {"process_num": 5, "qp_num": 3, "mtu": 3, "qp_type": "RC", "reqs": "s_4_28576_48736_544_14304,s_3_94944_17824_3744,s_4_11648_7168_2816_18432,s_3_2560_25344_13216,s_4_41696_30912_15360_3360,s_1_80896,", "recvs": "2_30112_86400,3_16032_33984_66496,2_48640_67872,4_101344_5088_5728_4352,", "client": {"usr": "wfowler", "ip": "192.168.100.2", "ibdev": "mlx5_0", "use_gpu": false, "numa_node": 0, "mr_num": 3, "buf_num": 4, "buf_size": 116512, "send_wq_depth": 810, "recv_wq_depth": 1, "send_batch": 11, "recv_batch": 0}, "server": {"usr": "wfowler", "ip": "192.168.100.2", "ibdev": "mlx5_0", "use_gpu": false, "numa_node": 1, "mr_num": 3, "buf_num": 3, "buf_size": 116512, "send_wq_depth": 1, "recv_wq_depth": 221, "send_batch": 0, "recv_batch": 62}}]}


tx_vport_rdma_unicast_bytes:  25.04421
rx_vport_rdma_unicast_bytes:  18.392259999999997
tx_vport_rdma_unicast_packets:  2924307.0
rx_vport_rdma_unicast_packets:  2152729.0
tx_prio3_pause_duration:  0.0
rx_prio3_pause_duration:  0.0

