{"Traffics": [{"process_num": 6, "qp_num": 3, "mtu": 4, "qp_type": "UC", "reqs": "w_3_96_608_32,w_2_2080_14944,w_4_13632_6464_19200_11744,w_4_82752_6592_2144_2432,w_1_118304,w_4_54656_47296_4640_288,", "recvs": "3_22400_32160_63744,", "client": {"usr": "wfowler", "ip": "192.168.100.2", "ibdev": "mlx5_0", "use_gpu": true, "numa_node": 1, "mr_num": 4, "buf_num": 4, "buf_size": 118304, "send_wq_depth": 1001, "recv_wq_depth": 1, "send_batch": 23, "recv_batch": 0}, "server": {"usr": "wfowler", "ip": "192.168.100.1", "ibdev": "mlx5_0", "use_gpu": true, "numa_node": 1, "mr_num": 4, "buf_num": 3, "buf_size": 118304, "send_wq_depth": 1, "recv_wq_depth": 42, "send_batch": 0, "recv_batch": 19}}, {"process_num": 5, "qp_num": 4, "mtu": 5, "qp_type": "UC", "reqs": "w_4_50880_13088_47488_512,w_1_68000,w_3_18048_576_480,w_4_113024_6272_1952_5152,w_3_67936_21792_2496,w_1_104288,w_3_52000_1280_33152,w_3_25440_62880_21600,", "recvs": "2_103712_22688,3_14816_82112_29472,", "client": {"usr": "wfowler", "ip": "192.168.100.1", "ibdev": "mlx5_0", "use_gpu": true, "numa_node": 1, "mr_num": 4, "buf_num": 4, "buf_size": 126400, "send_wq_depth": 171, "recv_wq_depth": 1, "send_batch": 61, "recv_batch": 0}, "server": {"usr": "wfowler", "ip": "192.168.100.2", "ibdev": "mlx5_0", "use_gpu": true, "numa_node": 1, "mr_num": 1, "buf_num": 2, "buf_size": 126400, "send_wq_depth": 1, "recv_wq_depth": 188, "send_batch": 0, "recv_batch": 39}}]}


tx_vport_rdma_unicast_bytes:  23.6395
rx_vport_rdma_unicast_bytes:  0.062119999999999995
tx_vport_rdma_unicast_packets:  1421444.0
rx_vport_rdma_unicast_packets:  8107.0
tx_prio3_pause_duration:  0.0
rx_prio3_pause_duration:  0.0

latency_samples:  30
latency_min_ns:  76774913.0
latency_avg_ns:  300192791.6666667
latency_median_ns:  299873289.0
latency_p95_ns:  416761375.0
latency_p99_ns:  416761375.0
latency_max_ns:  416761375.0

