{"Traffics": [{"process_num": 5, "qp_num": 2, "mtu": 3, "qp_type": "UC", "reqs": "s_4_9600_28896_320_448,s_4_76000_16864_6080_5024,s_1_108032,s_1_112576,s_4_41600_25472_11648_2112,s_3_24032_24576_12032,s_4_19936_63360_23488_15872,", "recvs": "4_34656_8608_736_78656,4_7520_94848_16800_3488,3_62560_54624_5472,3_44864_8448_69344,", "client": {"usr": "wfowler", "ip": "192.168.100.2", "ibdev": "mlx5_0", "use_gpu": true, "numa_node": 1, "mr_num": 4, "buf_num": 2, "buf_size": 122656, "send_wq_depth": 941, "recv_wq_depth": 1, "send_batch": 42, "recv_batch": 0}, "server": {"usr": "wfowler", "ip": "192.168.100.1", "ibdev": "mlx5_0", "use_gpu": true, "numa_node": 1, "mr_num": 2, "buf_num": 2, "buf_size": 122656, "send_wq_depth": 1, "recv_wq_depth": 359, "send_batch": 0, "recv_batch": 52}}, {"process_num": 6, "qp_num": 3, "mtu": 4, "qp_type": "UC", "reqs": "w_3_21536_12800_256,w_3_79744_12576_16576,w_2_55136_56736,w_4_98784_2016_2112_4416,w_3_41440_25120_576,w_3_30112_1280_73344,w_3_19584_8288_1664,w_3_29792_12416_9952,", "recvs": "4_38848_64768_544_7712,4_84448_14048_5888_7488,3_72768_18144_20960,", "client": {"usr": "wfowler", "ip": "192.168.100.1", "ibdev": "mlx5_0", "use_gpu": true, "numa_node": 1, "mr_num": 3, "buf_num": 1, "buf_size": 111872, "send_wq_depth": 966, "recv_wq_depth": 1, "send_batch": 32, "recv_batch": 0}, "server": {"usr": "wfowler", "ip": "192.168.100.2", "ibdev": "mlx5_0", "use_gpu": true, "numa_node": 1, "mr_num": 4, "buf_num": 1, "buf_size": 111872, "send_wq_depth": 1, "recv_wq_depth": 199, "send_batch": 0, "recv_batch": 59}}]}


tx_vport_rdma_unicast_bytes:  24.41387
rx_vport_rdma_unicast_bytes:  0.18428
tx_vport_rdma_unicast_packets:  2832422.0
rx_vport_rdma_unicast_packets:  27934.0
tx_prio3_pause_duration:  0.0
rx_prio3_pause_duration:  0.0

