{"Traffics": [{"process_num": 6, "qp_num": 1, "mtu": 5, "qp_type": "UC", "reqs": "s_1_89248,s_2_55392_40448,s_4_43776_2720_11200_19008,s_2_52288_28512,s_2_92384_10848,s_2_6944_8736,", "recvs": "4_25088_75456_1248_1440,4_52512_22624_14528_13568,4_19136_39520_8832_35744,1_124352,", "client": {"usr": "wfowler", "ip": "192.168.100.2", "ibdev": "mlx5_0", "use_gpu": true, "numa_node": 0, "mr_num": 4, "buf_num": 3, "buf_size": 103232, "send_wq_depth": 323, "recv_wq_depth": 1, "send_batch": 13, "recv_batch": 0}, "server": {"usr": "wfowler", "ip": "192.168.100.1", "ibdev": "mlx5_0", "use_gpu": true, "numa_node": 1, "mr_num": 4, "buf_num": 1, "buf_size": 124352, "send_wq_depth": 1, "recv_wq_depth": 599, "send_batch": 0, "recv_batch": 6}}, {"process_num": 5, "qp_num": 4, "mtu": 4, "qp_type": "RC", "reqs": "s_2_384_32544,s_3_39360_672_64,s_2_36992_35264,s_2_32_36096,s_1_58560,s_4_6848_15968_10592_7168,s_3_58624_23104_33248,", "recvs": "2_79424_39648,4_92512_4480_1984_16000,4_35904_38304_20800_26944,", "client": {"usr": "wfowler", "ip": "192.168.100.2", "ibdev": "mlx5_0", "use_gpu": true, "numa_node": 1, "mr_num": 3, "buf_num": 4, "buf_size": 114976, "send_wq_depth": 995, "recv_wq_depth": 1, "send_batch": 54, "recv_batch": 0}, "server": {"usr": "wfowler", "ip": "192.168.100.2", "ibdev": "mlx5_0", "use_gpu": true, "numa_node": 0, "mr_num": 2, "buf_num": 3, "buf_size": 121952, "send_wq_depth": 1, "recv_wq_depth": 405, "send_batch": 0, "recv_batch": 35}}]}


tx_vport_rdma_unicast_bytes:  8.64588
rx_vport_rdma_unicast_bytes:  14.734219999999999
tx_vport_rdma_unicast_packets:  265467.0
rx_vport_rdma_unicast_packets:  935017.0
tx_prio3_pause_duration:  0.0
rx_prio3_pause_duration:  0.0

