{"Traffics": [{"process_num": 6, "qp_num": 3, "mtu": 3, "qp_type": "UC", "reqs": "w_3_9376_7488_128,w_3_7840_3424_1280,w_1_31712,w_1_28288,w_4_32000_30400_11008_49600,w_4_58400_544_15168_22528,w_4_10176_5088_12832_12672,w_1_67136,", "recvs": "1_123008,3_55712_55872_11424,4_27840_43520_16192_35456,2_119296_3712,", "client": {"usr": "wfowler", "ip": "192.168.100.2", "ibdev": "mlx5_0", "use_gpu": true, "numa_node": 1, "mr_num": 2, "buf_num": 4, "buf_size": 123008, "send_wq_depth": 743, "recv_wq_depth": 1, "send_batch": 54, "recv_batch": 0}, "server": {"usr": "wfowler", "ip": "192.168.100.1", "ibdev": "mlx5_0", "use_gpu": true, "numa_node": 0, "mr_num": 2, "buf_num": 4, "buf_size": 123008, "send_wq_depth": 1, "recv_wq_depth": 548, "send_batch": 0, "recv_batch": 51}}, {"process_num": 6, "qp_num": 3, "mtu": 4, "qp_type": "UC", "reqs": "s_1_112416,s_1_11264,s_3_22560_2624_41920,s_1_110816,", "recvs": "1_112416,1_112416,", "client": {"usr": "wfowler", "ip": "192.168.100.2", "ibdev": "mlx5_0", "use_gpu": true, "numa_node": 0, "mr_num": 2, "buf_num": 4, "buf_size": 112416, "send_wq_depth": 222, "recv_wq_depth": 1, "send_batch": 35, "recv_batch": 0}, "server": {"usr": "wfowler", "ip": "192.168.100.2", "ibdev": "mlx5_0", "use_gpu": true, "numa_node": 1, "mr_num": 4, "buf_num": 4, "buf_size": 112416, "send_wq_depth": 1, "recv_wq_depth": 866, "send_batch": 0, "recv_batch": 25}}]}


tx_vport_rdma_unicast_bytes:  9.99949
rx_vport_rdma_unicast_bytes:  14.026110000000001
tx_vport_rdma_unicast_packets:  1164763.0
rx_vport_rdma_unicast_packets:  840427.0
tx_prio3_pause_duration:  0.0
rx_prio3_pause_duration:  0.0

