{"Traffics": [{"process_num": 6, "qp_num": 1, "mtu": 3, "qp_type": "UC", "reqs": "w_2_256_73408,w_3_2016_544_2880,w_4_8864_1312_608_64,w_3_14240_10112_1760,", "recvs": "4_10848_75904_6944_6880,4_2112_29344_16544_25664,4_36768_26560_9952_384,", "client": {"usr": "wfowler", "ip": "192.168.100.2", "ibdev": "mlx5_0", "use_gpu": true, "numa_node": 1, "mr_num": 2, "buf_num": 4, "buf_size": 73664, "send_wq_depth": 229, "recv_wq_depth": 1, "send_batch": 11, "recv_batch": 0}, "server": {"usr": "wfowler", "ip": "192.168.100.1", "ibdev": "mlx5_0", "use_gpu": true, "numa_node": 0, "mr_num": 2, "buf_num": 3, "buf_size": 100576, "send_wq_depth": 1, "recv_wq_depth": 744, "send_batch": 0, "recv_batch": 62}}, {"process_num": 4, "qp_num": 1, "mtu": 4, "qp_type": "UC", "reqs": "s_3_4256_6592_8768,s_3_14144_26080_49120,s_1_44544,s_4_18976_15168_4448_4640,s_1_127360,s_3_2080_2368_23168,s_3_53696_25792_10624,", "recvs": "4_16384_53536_14592_42848,3_26912_96576_3872,1_127360,", "client": {"usr": "wfowler", "ip": "192.168.100.1", "ibdev": "mlx5_0", "use_gpu": true, "numa_node": 1, "mr_num": 4, "buf_num": 4, "buf_size": 127360, "send_wq_depth": 840, "recv_wq_depth": 1, "send_batch": 3, "recv_batch": 0}, "server": {"usr": "wfowler", "ip": "192.168.100.2", "ibdev": "mlx5_0", "use_gpu": true, "numa_node": 1, "mr_num": 4, "buf_num": 2, "buf_size": 127360, "send_wq_depth": 1, "recv_wq_depth": 552, "send_batch": 0, "recv_batch": 8}}]}


tx_vport_rdma_unicast_bytes:  25.03572
rx_vport_rdma_unicast_bytes:  0.22824
tx_vport_rdma_unicast_packets:  2930735.0
rx_vport_rdma_unicast_packets:  32615.0
tx_prio3_pause_duration:  0.0
rx_prio3_pause_duration:  0.0

