{"Traffics": [{"process_num": 5, "qp_num": 1, "mtu": 4, "qp_type": "UC", "reqs": "s_2_8992_30080,s_3_20512_14400_832,s_3_1344_44160_38432,s_3_35776_30112_16896,s_2_7552_65184,s_4_94528_9888_17664_8032,", "recvs": "3_7360_49440_73312,2_90208_39904,1_130112,", "client": {"usr": "wfowler", "ip": "192.168.100.2", "ibdev": "mlx5_0", "use_gpu": true, "numa_node": 1, "mr_num": 2, "buf_num": 3, "buf_size": 130112, "send_wq_depth": 55, "recv_wq_depth": 1, "send_batch": 58, "recv_batch": 0}, "server": {"usr": "wfowler", "ip": "192.168.100.1", "ibdev": "mlx5_0", "use_gpu": true, "numa_node": 1, "mr_num": 3, "buf_num": 2, "buf_size": 130112, "send_wq_depth": 1, "recv_wq_depth": 896, "send_batch": 0, "recv_batch": 17}}, {"process_num": 5, "qp_num": 2, "mtu": 3, "qp_type": "RC", "reqs": "w_4_66656_20192_3424_96,w_4_7168_116576_1312_1952,w_2_18784_6240,w_3_20352_4320_5792,w_3_60224_31840_3936,w_1_832,w_4_39168_12672_1632_4448,", "recvs": "4_29952_74144_11296_11616,1_127008,", "client": {"usr": "wfowler", "ip": "192.168.100.1", "ibdev": "mlx5_0", "use_gpu": true, "numa_node": 1, "mr_num": 4, "buf_num": 3, "buf_size": 127008, "send_wq_depth": 606, "recv_wq_depth": 1, "send_batch": 46, "recv_batch": 0}, "server": {"usr": "wfowler", "ip": "192.168.100.2", "ibdev": "mlx5_0", "use_gpu": true, "numa_node": 1, "mr_num": 3, "buf_num": 3, "buf_size": 127008, "send_wq_depth": 1, "recv_wq_depth": 484, "send_batch": 0, "recv_batch": 42}}]}


tx_vport_rdma_unicast_bytes:  0.03161
rx_vport_rdma_unicast_bytes:  24.91131
tx_vport_rdma_unicast_packets:  63745.0
rx_vport_rdma_unicast_packets:  2888655.0
tx_prio3_pause_duration:  0.0
rx_prio3_pause_duration:  0.0

