{"Traffics": [{"process_num": 5, "qp_num": 2, "mtu": 4, "qp_type": "UC", "reqs": "s_4_7520_23872_4608_16960,s_3_6848_672_800,s_1_117984,s_4_21472_79872_2432_288,s_2_2624_25920,s_4_50048_9408_3040_608,s_4_14496_51968_3744_52032,s_2_63520_18080,", "recvs": "4_18496_64800_26240_12704,4_23840_57120_33056_8224,2_49184_73056,3_8800_30080_84896,", "client": {"usr": "wfowler", "ip": "192.168.100.2", "ibdev": "mlx5_0", "use_gpu": true, "numa_node": 1, "mr_num": 3, "buf_num": 1, "buf_size": 122240, "send_wq_depth": 43, "recv_wq_depth": 1, "send_batch": 16, "recv_batch": 0}, "server": {"usr": "wfowler", "ip": "192.168.100.1", "ibdev": "mlx5_0", "use_gpu": true, "numa_node": 0, "mr_num": 3, "buf_num": 4, "buf_size": 123776, "send_wq_depth": 1, "recv_wq_depth": 327, "send_batch": 0, "recv_batch": 40}}, {"process_num": 5, "qp_num": 4, "mtu": 5, "qp_type": "RC", "reqs": "w_3_7168_4000_15648,w_4_29088_9056_19936_23968,w_3_7296_4064_11360,w_2_832_1856,", "recvs": "1_82048,2_63648_39040,2_54848_61024,", "client": {"usr": "wfowler", "ip": "192.168.100.2", "ibdev": "mlx5_0", "use_gpu": true, "numa_node": 0, "mr_num": 4, "buf_num": 3, "buf_size": 82048, "send_wq_depth": 310, "recv_wq_depth": 1, "send_batch": 51, "recv_batch": 0}, "server": {"usr": "wfowler", "ip": "192.168.100.2", "ibdev": "mlx5_0", "use_gpu": true, "numa_node": 1, "mr_num": 4, "buf_num": 4, "buf_size": 115872, "send_wq_depth": 1, "recv_wq_depth": 754, "send_batch": 0, "recv_batch": 18}}]}


tx_vport_rdma_unicast_bytes:  5.37791
rx_vport_rdma_unicast_bytes:  18.38226
tx_vport_rdma_unicast_packets:  321809.0
rx_vport_rdma_unicast_packets:  629581.0
tx_prio3_pause_duration:  0.0
rx_prio3_pause_duration:  0.0

