{"Traffics": [{"process_num": 6, "qp_num": 3, "mtu": 5, "qp_type": "UC", "reqs": "w_2_45760_21216,w_3_78112_27904_7872,w_1_12672,w_1_4576,w_3_2176_45888_24672,w_4_192_128_1216_896,w_2_12288_2912,", "recvs": "4_51136_30880_27392_4480,", "client": {"usr": "wfowler", "ip": "192.168.100.2", "ibdev": "mlx5_0", "use_gpu": true, "numa_node": 0, "mr_num": 2, "buf_num": 4, "buf_size": 113888, "send_wq_depth": 820, "recv_wq_depth": 1, "send_batch": 54, "recv_batch": 0}, "server": {"usr": "wfowler", "ip": "192.168.100.1", "ibdev": "mlx5_0", "use_gpu": true, "numa_node": 0, "mr_num": 4, "buf_num": 1, "buf_size": 113888, "send_wq_depth": 1, "recv_wq_depth": 199, "send_batch": 0, "recv_batch": 6}}, {"process_num": 5, "qp_num": 1, "mtu": 4, "qp_type": "UC", "reqs": "s_2_34976_20640,s_3_4640_73888_12896,s_1_52896,s_2_33824_62912,s_4_15904_25376_6400_1312,s_4_87648_25888_4480_1344,s_2_41408_67008,s_2_9184_108736,", "recvs": "2_56544_62816,3_76320_8256_34784,", "client": {"usr": "wfowler", "ip": "192.168.100.2", "ibdev": "mlx5_0", "use_gpu": true, "numa_node": 0, "mr_num": 1, "buf_num": 2, "buf_size": 119360, "send_wq_depth": 1024, "recv_wq_depth": 1, "send_batch": 26, "recv_batch": 0}, "server": {"usr": "wfowler", "ip": "192.168.100.2", "ibdev": "mlx5_0", "use_gpu": true, "numa_node": 0, "mr_num": 4, "buf_num": 3, "buf_size": 119360, "send_wq_depth": 1, "recv_wq_depth": 422, "send_batch": 0, "recv_batch": 8}}]}


tx_vport_rdma_unicast_bytes:  19.52261
rx_vport_rdma_unicast_bytes:  2.86464
tx_vport_rdma_unicast_packets:  616574.0
rx_vport_rdma_unicast_packets:  171375.0
tx_prio3_pause_duration:  0.0
rx_prio3_pause_duration:  0.0

