{"Traffics": [{"process_num": 6, "qp_num": 1, "mtu": 3, "qp_type": "UC", "reqs": "w_2_34624_21440,w_3_52192_6080_37056,w_1_2976,w_3_22400_5920_11072,", "recvs": "3_25056_62176_8096,3_42464_45728_7136,4_59680_12640_23136_5120,", "client": {"usr": "wfowler", "ip": "192.168.100.2", "ibdev": "mlx5_0", "use_gpu": true, "numa_node": 0, "mr_num": 3, "buf_num": 2, "buf_size": 95328, "send_wq_depth": 842, "recv_wq_depth": 1, "send_batch": 2, "recv_batch": 0}, "server": {"usr": "wfowler", "ip": "192.168.100.1", "ibdev": "mlx5_0", "use_gpu": true, "numa_node": 0, "mr_num": 4, "buf_num": 1, "buf_size": 100576, "send_wq_depth": 1, "recv_wq_depth": 905, "send_batch": 0, "recv_batch": 23}}, {"process_num": 4, "qp_num": 1, "mtu": 4, "qp_type": "RC", "reqs": "s_4_20128_78208_1568_22560,s_3_42048_3616_4768,s_3_6304_7520_5632,s_1_59456,s_3_70944_8288_11200,", "recvs": "1_122464,4_59936_60096_1216_1216,4_74656_46016_1504_288,", "client": {"usr": "wfowler", "ip": "192.168.100.2", "ibdev": "mlx5_0", "use_gpu": true, "numa_node": 0, "mr_num": 2, "buf_num": 1, "buf_size": 122464, "send_wq_depth": 983, "recv_wq_depth": 1, "send_batch": 4, "recv_batch": 0}, "server": {"usr": "wfowler", "ip": "192.168.100.2", "ibdev": "mlx5_0", "use_gpu": true, "numa_node": 1, "mr_num": 2, "buf_num": 4, "buf_size": 122464, "send_wq_depth": 1, "recv_wq_depth": 823, "send_batch": 0, "recv_batch": 6}}]}


tx_vport_rdma_unicast_bytes:  10.30246
rx_vport_rdma_unicast_bytes:  13.146379999999999
tx_vport_rdma_unicast_packets:  1200435.0
rx_vport_rdma_unicast_packets:  822913.0
tx_prio3_pause_duration:  0.0
rx_prio3_pause_duration:  0.0

