{"Traffics": [{"process_num": 5, "qp_num": 3, "mtu": 4, "qp_type": "UD", "reqs": "s_1_1920,s_1_960,s_3_192_384_768,s_3_192_960_128,s_4_288_224_32_32,s_3_160_96_64,s_4_672_32_64_32,", "recvs": "3_19584_1920_107040,2_55488_52800,2_65824_4544,1_107616,", "client": {"usr": "wfowler", "ip": "192.168.100.2", "ibdev": "mlx5_0", "use_gpu": true, "numa_node": 0, "mr_num": 4, "buf_num": 4, "buf_size": 4096, "send_wq_depth": 573, "recv_wq_depth": 1, "send_batch": 21, "recv_batch": 0}, "server": {"usr": "wfowler", "ip": "192.168.100.1", "ibdev": "mlx5_0", "use_gpu": true, "numa_node": 0, "mr_num": 2, "buf_num": 2, "buf_size": 128544, "send_wq_depth": 1, "recv_wq_depth": 402, "send_batch": 0, "recv_batch": 17}}, {"process_num": 5, "qp_num": 1, "mtu": 3, "qp_type": "UC", "reqs": "s_4_85376_704_18368_14528,s_4_18304_41856_35872_14240,s_1_67776,s_4_63328_13536_27264_25984,", "recvs": "2_83424_46880,3_119488_8416_2208,3_26080_9408_94624,4_14144_109120_3616_3232,", "client": {"usr": "wfowler", "ip": "192.168.100.2", "ibdev": "mlx5_0", "use_gpu": true, "numa_node": 1, "mr_num": 4, "buf_num": 4, "buf_size": 130112, "send_wq_depth": 851, "recv_wq_depth": 1, "send_batch": 8, "recv_batch": 0}, "server": {"usr": "wfowler", "ip": "192.168.100.2", "ibdev": "mlx5_0", "use_gpu": true, "numa_node": 1, "mr_num": 3, "buf_num": 3, "buf_size": 130304, "send_wq_depth": 1, "recv_wq_depth": 752, "send_batch": 0, "recv_batch": 43}}]}


tx_vport_rdma_unicast_bytes:  17.05129
rx_vport_rdma_unicast_bytes:  5.60213
tx_vport_rdma_unicast_packets:  1947258.0
rx_vport_rdma_unicast_packets:  649003.0
tx_prio3_pause_duration:  0.0
rx_prio3_pause_duration:  0.0

