{"Traffics": [{"process_num": 4, "qp_num": 4, "mtu": 5, "qp_type": "UC", "reqs": "s_2_736_4736,s_1_125568,s_2_4256_3680,s_4_18528_6592_1952_192,s_4_21120_14304_5536_9120,s_1_109504,", "recvs": "2_25440_105280,", "client": {"usr": "wfowler", "ip": "192.168.100.2", "ibdev": "mlx5_0", "use_gpu": true, "numa_node": 1, "mr_num": 2, "buf_num": 4, "buf_size": 125568, "send_wq_depth": 184, "recv_wq_depth": 1, "send_batch": 41, "recv_batch": 0}, "server": {"usr": "wfowler", "ip": "192.168.100.1", "ibdev": "mlx5_0", "use_gpu": true, "numa_node": 1, "mr_num": 4, "buf_num": 2, "buf_size": 130720, "send_wq_depth": 1, "recv_wq_depth": 256, "send_batch": 0, "recv_batch": 10}}, {"process_num": 4, "qp_num": 4, "mtu": 5, "qp_type": "UC", "reqs": "s_2_64448_51360,s_4_8576_3968_4768_2112,s_4_12864_3168_25184_13760,s_4_52192_32032_19456_1184,s_4_101184_512_6400_1952,", "recvs": "2_64416_51392,3_115392_192_224,4_30656_84704_128_320,3_110656_2688_2464,", "client": {"usr": "wfowler", "ip": "192.168.100.2", "ibdev": "mlx5_0", "use_gpu": true, "numa_node": 0, "mr_num": 3, "buf_num": 2, "buf_size": 115808, "send_wq_depth": 91, "recv_wq_depth": 1, "send_batch": 52, "recv_batch": 0}, "server": {"usr": "wfowler", "ip": "192.168.100.2", "ibdev": "mlx5_0", "use_gpu": true, "numa_node": 1, "mr_num": 1, "buf_num": 4, "buf_size": 115808, "send_wq_depth": 1, "recv_wq_depth": 508, "send_batch": 0, "recv_batch": 64}}]}


tx_vport_rdma_unicast_bytes:  12.08343
rx_vport_rdma_unicast_bytes:  11.87383
tx_vport_rdma_unicast_packets:  374658.0
rx_vport_rdma_unicast_packets:  364399.0
tx_prio3_pause_duration:  0.0
rx_prio3_pause_duration:  0.0

