{"Traffics": [{"process_num": 4, "qp_num": 3, "mtu": 3, "qp_type": "UC", "reqs": "w_3_91136_10144_64,w_4_61408_23072_37184_6720,w_4_66080_3552_12736_608,w_3_15712_41120_66880,w_3_14688_4384_6496,w_1_38592,", "recvs": "3_62624_20320_45440,3_57376_24704_46784,2_99264_29120,", "client": {"usr": "wfowler", "ip": "192.168.100.2", "ibdev": "mlx5_0", "use_gpu": true, "numa_node": 1, "mr_num": 3, "buf_num": 4, "buf_size": 128384, "send_wq_depth": 520, "recv_wq_depth": 1, "send_batch": 33, "recv_batch": 0}, "server": {"usr": "wfowler", "ip": "192.168.100.1", "ibdev": "mlx5_0", "use_gpu": true, "numa_node": 1, "mr_num": 1, "buf_num": 3, "buf_size": 128864, "send_wq_depth": 1, "recv_wq_depth": 279, "send_batch": 0, "recv_batch": 32}}, {"process_num": 6, "qp_num": 3, "mtu": 5, "qp_type": "UD", "reqs": "s_3_288_736_1792,s_3_320_1184_512,s_3_2112_352_192,s_1_1280,s_3_288_2400_352,s_4_1152_576_128_128,s_3_512_992_2400,", "recvs": "3_24288_3872_60224,2_67008_55648,2_73184_22496,1_30112,", "client": {"usr": "wfowler", "ip": "192.168.100.1", "ibdev": "mlx5_0", "use_gpu": true, "numa_node": 1, "mr_num": 4, "buf_num": 4, "buf_size": 4096, "send_wq_depth": 21, "recv_wq_depth": 1, "send_batch": 7, "recv_batch": 0}, "server": {"usr": "wfowler", "ip": "192.168.100.2", "ibdev": "mlx5_0", "use_gpu": true, "numa_node": 1, "mr_num": 2, "buf_num": 2, "buf_size": 122656, "send_wq_depth": 1, "recv_wq_depth": 488, "send_batch": 0, "recv_batch": 33}}]}


tx_vport_rdma_unicast_bytes:  25.15534
rx_vport_rdma_unicast_bytes:  1.6822000000000001
tx_vport_rdma_unicast_packets:  2917713.0
rx_vport_rdma_unicast_packets:  155760.0
tx_prio3_pause_duration:  0.0
rx_prio3_pause_duration:  0.0

