{"Traffics": [{"process_num": 6, "qp_num": 2, "mtu": 4, "qp_type": "UC", "reqs": "w_4_70976_16608_15488_7616,w_1_36320,w_4_41408_23584_768_2848,w_1_25472,w_4_84000_224_64_160,", "recvs": "4_72032_31872_5504_1280,3_21568_35488_53632,", "client": {"usr": "wfowler", "ip": "192.168.100.2", "ibdev": "mlx5_0", "use_gpu": true, "numa_node": 1, "mr_num": 3, "buf_num": 4, "buf_size": 110688, "send_wq_depth": 431, "recv_wq_depth": 1, "send_batch": 32, "recv_batch": 0}, "server": {"usr": "wfowler", "ip": "192.168.100.1", "ibdev": "mlx5_0", "use_gpu": true, "numa_node": 0, "mr_num": 2, "buf_num": 4, "buf_size": 110688, "send_wq_depth": 1, "recv_wq_depth": 361, "send_batch": 0, "recv_batch": 42}}, {"process_num": 6, "qp_num": 3, "mtu": 4, "qp_type": "UD", "reqs": "s_1_1760,s_2_928_1088,s_4_832_320_384_224,s_1_1856,s_1_1696,s_1_1696,s_4_1152_320_160_128,", "recvs": "4_1344_83872_16736_1344,3_6688_256_448,3_26720_42240_49152,4_30496_1248_6976_12096,", "client": {"usr": "wfowler", "ip": "192.168.100.2", "ibdev": "mlx5_0", "use_gpu": true, "numa_node": 0, "mr_num": 2, "buf_num": 2, "buf_size": 4096, "send_wq_depth": 294, "recv_wq_depth": 1, "send_batch": 7, "recv_batch": 0}, "server": {"usr": "wfowler", "ip": "192.168.100.2", "ibdev": "mlx5_0", "use_gpu": true, "numa_node": 1, "mr_num": 3, "buf_num": 2, "buf_size": 118112, "send_wq_depth": 1, "recv_wq_depth": 81, "send_batch": 0, "recv_batch": 61}}]}


tx_vport_rdma_unicast_bytes:  9.388969999999999
rx_vport_rdma_unicast_bytes:  14.005780000000001
tx_vport_rdma_unicast_packets:  567522.0
rx_vport_rdma_unicast_packets:  940238.0
tx_prio3_pause_duration:  0.0
rx_prio3_pause_duration:  0.0

