{"Traffics": [{"process_num": 6, "qp_num": 2, "mtu": 3, "qp_type": "RC", "reqs": "s_4_59104_34240_544_1248,s_4_44800_22656_480_4000,s_2_78144_33248,s_3_26048_31968_69664,s_2_35776_85504,s_3_55456_2880_416,s_3_6528_48672_9344,s_2_22496_160,", "recvs": "4_3584_107808_11328_4960,", "client": {"usr": "wfowler", "ip": "192.168.100.2", "ibdev": "mlx5_0", "use_gpu": true, "numa_node": 0, "mr_num": 2, "buf_num": 3, "buf_size": 127680, "send_wq_depth": 808, "recv_wq_depth": 1, "send_batch": 25, "recv_batch": 0}, "server": {"usr": "wfowler", "ip": "192.168.100.1", "ibdev": "mlx5_0", "use_gpu": true, "numa_node": 1, "mr_num": 2, "buf_num": 1, "buf_size": 127680, "send_wq_depth": 1, "recv_wq_depth": 569, "send_batch": 0, "recv_batch": 8}}, {"process_num": 6, "qp_num": 3, "mtu": 5, "qp_type": "RC", "reqs": "w_2_61216_41216,w_4_66112_3136_7872_12864,w_2_3936_12928,w_1_32512,w_4_34592_13984_576_3392,w_2_109344_21344,", "recvs": "2_37216_93472,1_130688,", "client": {"usr": "wfowler", "ip": "192.168.100.1", "ibdev": "mlx5_0", "use_gpu": true, "numa_node": 1, "mr_num": 2, "buf_num": 3, "buf_size": 130688, "send_wq_depth": 150, "recv_wq_depth": 1, "send_batch": 8, "recv_batch": 0}, "server": {"usr": "wfowler", "ip": "192.168.100.2", "ibdev": "mlx5_0", "use_gpu": true, "numa_node": 1, "mr_num": 3, "buf_num": 3, "buf_size": 130688, "send_wq_depth": 1, "recv_wq_depth": 203, "send_batch": 0, "recv_batch": 41}}]}


tx_vport_rdma_unicast_bytes:  24.89977
rx_vport_rdma_unicast_bytes:  0.026789999999999998
tx_vport_rdma_unicast_packets:  2894827.0
rx_vport_rdma_unicast_packets:  50747.0
tx_prio3_pause_duration:  0.0
rx_prio3_pause_duration:  0.0

