{"Traffics": [{"process_num": 5, "qp_num": 4, "mtu": 3, "qp_type": "RC", "reqs": "r_4_85248_13120_992_13920,r_4_4512_4032_3616_800,r_2_31712_12800,r_1_91904,r_2_115584_11456,r_4_46368_22688_19840_5472,", "recvs": "3_93536_2944_30560,4_82464_5440_38240_896,", "client": {"usr": "wfowler", "ip": "192.168.100.2", "ibdev": "mlx5_0", "use_gpu": true, "numa_node": 0, "mr_num": 1, "buf_num": 4, "buf_size": 127040, "send_wq_depth": 189, "recv_wq_depth": 1, "send_batch": 50, "recv_batch": 0}, "server": {"usr": "wfowler", "ip": "192.168.100.1", "ibdev": "mlx5_0", "use_gpu": true, "numa_node": 1, "mr_num": 2, "buf_num": 4, "buf_size": 127040, "send_wq_depth": 1, "recv_wq_depth": 703, "send_batch": 0, "recv_batch": 14}}, {"process_num": 4, "qp_num": 2, "mtu": 5, "qp_type": "UC", "reqs": "s_3_96224_12288_13536,s_4_192_320_128_64,s_1_38976,s_3_112736_2880_480,s_1_62976,", "recvs": "3_43328_58592_20128,2_59616_62432,4_95616_2624_14368_9440,", "client": {"usr": "wfowler", "ip": "192.168.100.2", "ibdev": "mlx5_0", "use_gpu": true, "numa_node": 0, "mr_num": 3, "buf_num": 4, "buf_size": 122048, "send_wq_depth": 582, "recv_wq_depth": 1, "send_batch": 29, "recv_batch": 0}, "server": {"usr": "wfowler", "ip": "192.168.100.2", "ibdev": "mlx5_0", "use_gpu": true, "numa_node": 1, "mr_num": 3, "buf_num": 1, "buf_size": 122048, "send_wq_depth": 1, "recv_wq_depth": 898, "send_batch": 0, "recv_batch": 18}}]}


tx_vport_rdma_unicast_bytes:  0.02152
rx_vport_rdma_unicast_bytes:  47.458510000000004
tx_vport_rdma_unicast_packets:  36365.0
rx_vport_rdma_unicast_packets:  3585445.0
tx_prio3_pause_duration:  0.0
rx_prio3_pause_duration:  0.0

