{"Traffics": [{"process_num": 4, "qp_num": 4, "mtu": 4, "qp_type": "UC", "reqs": "s_2_1536_11264,s_4_19904_128_1184_64,s_2_42560_75872,s_2_2720_2496,s_3_66176_13408_8768,s_2_5472_80128,s_1_93056,s_4_81824_9376_5856_7040,", "recvs": "3_69440_5344_43648,2_80896_37856,4_82432_4224_24736_7040,3_14912_55264_48256,", "client": {"usr": "wfowler", "ip": "192.168.100.2", "ibdev": "mlx5_0", "use_gpu": true, "numa_node": 0, "mr_num": 1, "buf_num": 2, "buf_size": 118432, "send_wq_depth": 773, "recv_wq_depth": 1, "send_batch": 33, "recv_batch": 0}, "server": {"usr": "wfowler", "ip": "192.168.100.1", "ibdev": "mlx5_0", "use_gpu": true, "numa_node": 1, "mr_num": 1, "buf_num": 2, "buf_size": 118752, "send_wq_depth": 1, "recv_wq_depth": 44, "send_batch": 0, "recv_batch": 15}}, {"process_num": 4, "qp_num": 2, "mtu": 3, "qp_type": "UD", "reqs": "s_3_320_64_32,s_3_544_64_64,", "recvs": "2_704_17376,2_54848_75936,4_68832_6016_1824_8320,4_14112_12480_7616_29152,", "client": {"usr": "wfowler", "ip": "192.168.100.1", "ibdev": "mlx5_0", "use_gpu": true, "numa_node": 0, "mr_num": 2, "buf_num": 1, "buf_size": 4096, "send_wq_depth": 340, "recv_wq_depth": 1, "send_batch": 16, "recv_batch": 0}, "server": {"usr": "wfowler", "ip": "192.168.100.2", "ibdev": "mlx5_0", "use_gpu": true, "numa_node": 1, "mr_num": 3, "buf_num": 2, "buf_size": 130784, "send_wq_depth": 1, "recv_wq_depth": 634, "send_batch": 0, "recv_batch": 8}}]}


tx_vport_rdma_unicast_bytes:  23.602439999999998
rx_vport_rdma_unicast_bytes:  10.61377
tx_vport_rdma_unicast_packets:  1420848.0
rx_vport_rdma_unicast_packets:  2159949.0
tx_prio3_pause_duration:  0.0
rx_prio3_pause_duration:  0.0

